-0.601087	-0.231018
-0.808144	-0.351438
-0.810537	-0.385157
-0.801649	-0.480917
-0.68379	-0.479839
-0.64162	-0.388598
-0.678856	-0.354195
-0.729846	-0.276244
-0.61074	-0.403101
-0.740413	-0.471994
-0.544615	-0.498273
-0.668146	-0.291147
-0.592016	-0.146374
-0.486515	-0.262033
-0.352586	-0.205601
0.175227	0.120816
0.230076	0.420863
0.24998	0.192984
0.349036	0.271523
0.0562601	0.444555
-0.0611884	0.406383
-0.30454	0.387852
-0.254606	0.358772
-0.205511	0.214131
-0.282881	0.151068
-0.485109	0.156142
-0.662626	0.0908755
-0.686811	0.0283215
-0.877346	0.205018
-0.911215	0.422076
-1.12234	0.373166
-1.16374	0.00714043
-1.21604	-0.132314
-1.2108	-0.25553
-1.27581	-0.225439
-1.24238	-0.292472
-1.20391	-0.28479
-1.19674	-0.196269
-1.15424	-0.195574
-1.03361	-0.201047
-1.10535	-0.111301
-1.20545	0.209514
-1.06721	0.551751
-0.995582	0.590959
-0.86829	0.57352
-0.793687	0.657294
-0.843813	0.683234
-0.745297	0.680834
-0.586984	0.686893
-0.409409	0.740055
-0.147512	0.696744
0.0429908	0.592925
0.242281	0.398758
0.0897036	0.253144
-0.261149	0.356112
-0.332412	-0.0436344
-0.594994	0.0126871
-0.670289	-0.0238517
-0.748327	0.0438132
-0.721058	0.0677742
-0.645031	0.0747538
-0.60911	0.141015
-0.520623	0.209148
-0.197084	0.0635924
0.277349	0.065187
0.627519	-0.0163293
0.459885	0.0740481
0.250675	-0.0742971
0.292841	0.131103
0.105169	0.124316
0.152812	0.0431073
0.0980235	0.0962209
0.203764	0.191909
0.11106	0.366179
-0.0985585	0.58682
-0.431983	0.724174
-0.609355	0.686957
-0.299269	0.390086
-0.104844	0.212229
-0.289764	0.206548
-0.384598	0.216537
-0.424284	0.131671
-0.477932	0.118328
-0.434953	0.140622
-0.458717	0.0583825
-0.623326	0.0243186
-0.669234	0.18421
-0.71112	0.457908
-0.700022	0.588154
-0.628511	0.6451
-0.605179	0.737688
-0.681697	0.922075
-0.602145	0.899777
-0.570285	0.713891
-0.542419	0.616363
-0.313301	0.487287
0.165003	0.242095
0.271829	0.184382
0.358343	0.0290529
0.46699	-0.065205
0.530166	-0.0911891
0.426293	0.290643
0.417388	0.265735
0.160994	0.401653
0.219139	0.37672
-0.214832	0.377115
-0.192109	0.22698
-0.255546	0.210094
-0.256794	0.232067
-0.0502832	0.0189533
-0.030928	0.340254
0.222947	0.403669
0.297776	0.437766
0.530495	0.279404
0.557568	-0.0314076
0.299852	-0.0101639
0.247125	0.163059
-0.0231448	0.258429
0.0701801	0.410043
0.23375	0.784696
0.03337	0.960497
-0.0142694	1.12828
0.024719	1.19381
0.0401686	1.30636
-0.131021	1.31424
-0.274096	1.27958
-0.595373	0.905427
-0.123858	0.160006
-0.217339	0.171793
-0.471303	0.177168
-0.553284	0.155773
-0.554021	0.111178
-0.593937	0.126837
-0.556439	0.058621
-0.589764	0.0690823
-0.495273	0.555606
-0.0167385	0.866562
0.238316	0.790975
0.358544	0.730016
0.439406	0.696465
0.525252	0.640461
0.652891	0.575508
0.675264	0.558006
0.720028	0.636095
0.670429	0.72795
0.433128	0.921961
0.309315	0.959922
0.306995	0.694618
0.0112691	0.354424
-0.123151	0.263712
-0.437794	0.0340146
-0.569898	-0.00926205
-0.571867	-0.235224
-0.741711	-0.291323
-0.66125	-0.0973345
-0.464147	-0.00137195
-0.729109	-0.117437
-0.826603	-0.107079
-0.591424	-0.0751668
-0.68681	-0.0939412
-0.729264	-0.0663885
-0.697865	-0.159697
-0.895925	-0.0573106
-0.74	-0.0526635
-0.706554	0.0426424
-0.743314	0.06825
-0.763855	0.210481
-0.712577	0.108292
-0.809575	0.178374
-0.669487	0.271231
-0.860574	0.416644
-1.00533	0.464908
-0.89604	0.0422279
-1.03774	-0.31418
-0.70335	-0.205291
-0.562089	-0.159298
-0.696841	-0.430786
-0.636336	-0.289545
-0.625209	-0.175764
-0.198728	0.277294
-0.0368892	0.221125
0.0796334	0.465635
0.14591	0.472863
0.0221243	0.42083
0.213334	0.373342
-0.0044609	0.293746
-1.3867	0.32576
-0.802152	0.64634
-0.911141	0.746075
-1.00382	0.455481
-1.16451	0.270799
-1.19485	0.172917
-1.18981	0.237133
-1.20231	0.406531
-1.01931	0.443767
-0.849133	0.651313
-0.678332	0.802114
-0.471083	0.847914
-0.259458	0.948403
-0.1048	0.987989
-0.0376945	0.992507
-0.0688021	0.999771
-0.276382	1.11982
-0.469445	0.949227
-0.343536	0.728389
-0.456398	0.276488
-0.498344	0.690926
-0.646101	0.662388
-0.783862	0.531947
-0.876354	0.437334
-0.841681	0.325017
-0.802501	0.183202
-0.69788	0.159731
-0.646615	0.135545
-0.579017	0.149735
-0.515704	0.156955
-0.554449	0.227091
-0.710438	0.348788
-0.84648	0.471388
-0.699135	0.505263
-0.723099	0.604385
-0.76422	0.780999
-0.648126	0.769367
-0.666322	0.780288
-0.717775	0.698362
-0.744412	0.715239
-0.58159	0.719308
-0.389932	0.864278
-0.391768	0.844042
-0.502143	0.767453
-0.747353	0.679477
-0.623203	0.653028
-0.582346	0.668019
-0.483379	0.383903
-0.55973	0.307004
-0.627426	0.387461
-0.598517	-0.0996599
-0.888477	0.0312435
-0.665558	-0.152588
-0.87966	-0.187743
-0.85235	-0.300117
-0.818828	-0.321976
-0.845373	-0.231321
-0.821696	-0.249352
-0.803308	-0.155447
-0.753815	-0.454004
-0.703361	-0.191048
-0.808766	-0.171419
-0.741826	-0.369726
-0.639894	-0.46454
0.019666	-0.140718
0.242621	0.278223
0.230083	0.219577
0.10381	0.362853
-0.131164	-0.00272349
-0.142659	0.075026
-0.0799298	0.423306
-0.14924	0.464174
-0.520475	0.425068
-0.315928	0.289699
-0.028405	0.133885
0.281151	0.166237
0.283907	0.101381
0.0879569	0.336846
-0.0818255	0.442599
-0.182098	0.329643
-0.188275	0.338373
-0.119357	0.322357
-0.198909	0.422843
-0.0741903	0.363535
-0.162904	0.330123
-0.163585	0.362523
-0.0973623	0.497624
0.00416822	0.214443
-0.046874	0.144609
-0.411083	0.46952
-0.863224	0.610937
-1.02164	0.595477
-1.18513	0.572036
-0.994167	0.651611
-0.667461	0.33082
-1.26464	0.2723
-1.41086	0.127882
-1.36751	0.114946
-1.43518	0.157576
-1.32285	0.120442
-1.29875	0.153197
-1.17841	0.161102
-1.00491	0.0898175
-0.761946	0.0544238
-0.701711	0.256158
-0.883325	0.45527
-0.669239	0.449492
-0.605422	0.431895
-0.611197	0.374732
-0.629672	0.409078
-0.529997	0.43004
-0.408131	0.506816
-0.363349	0.428768
-0.144862	0.342508
0.00926044	0.390493
-0.112858	0.396597
-0.238177	0.0318695
-0.490713	0.0208681
-0.7773	-0.0517265
-0.614862	-0.216974
-0.65852	-0.101124
-0.719928	0.00951274
-0.58606	0.229436
-1.00231	0.429467
-1.13819	0.421387
-1.05997	0.363852
-1.03991	0.343957
-0.991172	0.313307
-0.912041	0.371489
-0.735615	0.397173
-0.45382	0.425872
-0.444002	0.611709
-0.103274	0.76042
-0.128997	0.55375
-0.108283	0.450426
-0.00208348	0.231218
-0.0447021	0.245597
-0.181323	0.0291711
-0.384238	0.274973
-0.443355	0.273907
-0.405313	0.105452
-0.441527	0.113729
-0.53285	0.18349
-0.326069	-0.0180338
-0.285953	0.198711
-0.182477	0.821146
0.211989	0.897
0.455474	0.714458
0.452955	0.729592
0.53259	0.735239
0.196124	0.924208
-0.0746864	1.02862
0.198217	0.59871
0.070648	0.308625
-0.349461	0.387685
-0.372222	0.0914346
-0.326966	0.00154077
-0.374419	0.162032
-0.429892	-0.177636
-0.501566	-0.171175
-0.738992	-0.220016
-0.543815	-0.204471
-0.523202	-0.281815
-1.12073	0.361638
-1.04781	0.547184
-0.66244	0.430621
-0.671891	0.109281
-0.67247	0.0236035
-0.617041	-0.0275936
-0.429566	-0.0892942
-0.525448	0.00378726
-0.634162	-0.209499
-0.533956	-0.233961
-0.0252443	0.161714
0.416943	0.637264
0.58429	0.787639
0.794703	0.821
0.777886	0.68751
0.765235	0.922348
0.404905	1.3639
-0.205362	1.43277
-0.488097	1.23262
-0.667347	0.912494
-0.500441	0.442164
-0.317376	0.20697
-0.0345579	0.0415044
0.190075	0.0700528
0.00234344	0.41485
0.145894	0.587393
0.133603	0.403412
-0.00472092	0.37636
-0.108881	0.466247
-0.0963687	0.460318
-0.0896897	0.436615
0.0272391	0.287735
-0.347737	0.132256
-0.262173	-0.123109
-0.530816	0.0109826
-0.797603	0.238451
-1.28884	0.611437
-1.08427	0.737208
-0.865857	0.548924
-1.09084	0.260575
-1.32607	0.0328803
-1.32734	-0.163454
-1.30885	-0.197859
-1.34743	-0.179375
-1.29157	-0.168637
-1.29804	-0.0778484
-1.23052	-0.0296545
-1.02842	-0.0316032
-0.68067	0.111902
-0.698311	0.301285
-0.613686	0.404884
-0.683424	0.453985
-0.576028	0.43753
-0.262951	0.257543
-0.281128	0.322824
0.093316	0.237668
-0.433045	0.190118
-0.839644	-0.00569457
-0.375439	0.244802
-0.411107	0.0155876
-0.430387	0.0771639
-0.571474	-0.0217278
-0.74451	0.0473185
-0.900982	-0.0506802
-1.08772	-0.0206868
-0.710345	0.209612
-0.375864	0.385017
0.0401486	1.14663
-0.0616122	1.24651
-0.105675	1.47816
0.147803	1.32237
0.00563375	0.530651
-0.324097	0.248883
-0.391999	0.0680907
-0.607888	-0.29569
-0.974406	-0.532576
-0.987095	-0.662159
-0.768849	-0.817352
-0.795387	-0.789209
-0.876071	-0.652895
-0.201799	-0.0736321
-0.076995	-0.0671081
-0.254801	-0.0956262
-0.245163	-0.214465
-0.358455	-0.221793
-0.394652	-0.223752
-0.388374	-0.286287
-0.416414	-0.267272
-0.470803	-0.250151
-0.499123	-0.322366
-0.583776	-0.250454
-0.661058	-0.211782
-0.633299	-0.160922
-0.751554	0.104811
-0.842325	0.383408
-0.829588	0.376009
-0.92117	0.381209
-0.883227	0.295176
-0.766609	0.0431665
-0.664757	-0.157686
-0.78546	-0.111046
-0.679272	-0.269659
-0.555454	-0.361356
-0.589029	-0.332559
-0.548302	-0.158278
0.0263598	0.105046
-0.108886	-0.0138363
-0.455301	-0.0951014
-0.538935	-0.442299
-0.628185	-0.388239
-0.551228	-0.314132
-0.73831	-0.53191
-0.722948	-0.344708
-0.927359	-0.279238
-0.880818	-0.154543
-0.825673	-0.138638
-0.845152	-0.393373
-1.21837	-0.722784
-1.11522	-0.616921
-0.871543	-0.287569
-0.894032	-0.119953
-0.923731	-0.165474
-0.725048	0.00050352
-1.0366	-0.354442
-0.807258	-0.113299
-1.02018	-0.0952005
-0.975182	-0.0426163
-0.851852	-0.0903321
-0.59121	-0.288587
-0.668202	-0.317847
-0.657345	-0.177503
-0.691722	-0.157143
-0.638794	-0.34892
-0.798585	-0.452749
-0.642048	-0.336311
-0.481319	-0.218627
-0.542223	-0.0793637
-0.559348	-0.3048
-0.501808	-0.361744
-0.496243	-0.329471
-0.638578	-0.394026
-0.705302	-0.0625449
0.125549	0.33503
0.582913	0.606991
0.609719	0.598524
0.54692	0.733849
0.339519	0.824945
0.165277	0.900571
-0.132768	0.703829
-0.563462	0.697151
-0.7883	0.627834
-0.939001	0.453605
-1.08369	0.225707
-1.13337	0.153798
-1.0594	0.118544
-0.87807	0.186798
-0.745142	0.25573
-0.597325	0.595965
-0.676666	0.313595
-0.861957	0.102452
-0.775959	0.239509
-0.641239	0.246487
-0.629081	0.192666
-0.73407	0.21263
-0.548348	-0.0429143
-0.701961	0.0571452
-0.715581	0.142644
-0.513694	0.537324
-0.766204	0.734488
-0.708274	0.722789
-0.690875	0.760338
-0.681626	0.785649
-0.716198	0.869517
-0.707832	0.853382
-0.734683	0.748339
-0.743426	0.592868
-0.803019	0.545381
-0.846965	0.360932
-0.836601	0.0193746
-0.553122	-0.177668
-0.760074	-0.0247121
-0.849258	-0.00930923
-0.849869	0.0400592
-0.746709	-0.0137601
-0.702281	0.0989979
-0.671226	0.0607322
-0.576937	0.0523999
-0.788964	0.184182
-0.987799	0.448802
-0.900697	0.444799
-0.698776	0.347739
-0.667482	0.190246
-0.427939	0.429793
-0.031758	0.513388
0.135296	0.544684
-0.0953858	0.403601
-0.479236	0.0697185
-0.657164	0.201581
-0.868173	0.233616
-0.715863	0.182936
-0.854135	-0.0125714
-0.798731	0.0278493
-0.696748	0.0456723
-0.651579	0.0161232
-0.564543	0.0510534
-0.59239	0.0117897
-0.716864	-0.0672663
-0.707699	-0.143718
-0.619914	0.183498
-0.980392	-0.011414
-0.486799	0.0965382
-0.268504	0.284903
-0.496847	0.206996
-0.609465	0.0727278
-0.496761	-0.17029
-0.586012	-0.41469
-0.485567	-0.348165
-0.634414	-0.428249
-0.637622	-0.165112
-0.428528	-0.303905
-0.217097	0.0104873
-0.203074	0.147154
-0.0881623	0.17272
0.124595	0.140839
0.0624407	0.166735
0.181424	0.0182608
0.282971	-0.038425
-0.428092	0.215112
-0.427536	-0.0310155
-0.566146	-0.143219
-0.911386	-0.199307
-1.04764	-0.217108
-1.19182	-0.19718
-1.18393	-0.170047
-1.16688	-0.0889696
-1.06562	0.0655882
-0.91934	0.225213
-0.807779	0.297922
-0.761618	0.304788
-0.458783	0.385263
-0.422904	0.268839
-0.376032	0.221195
-0.507202	0.254469
-0.518014	0.322035
-0.456795	0.905054
-0.368455	1.36419
-0.238707	1.38391
-0.29286	1.33829
-0.479857	1.28574
-0.632	1.11242
-0.706631	0.761612
-0.694597	0.25089
-0.792053	-0.0847164
-0.933317	-0.117282
-0.86971	-0.0745275
-0.749906	0.0507541
-0.748637	0.212942
-0.829412	0.378158
-0.782241	0.343117
-0.865029	0.328284
-0.929466	0.12957
-0.743759	-0.165569
-0.432277	0.0182651
-0.225346	0.288526
-0.17997	0.152887
-0.335829	-0.11463
-0.433611	-0.154124
-0.429562	-0.318175
-0.386525	-0.0879997
-0.865844	0.0941571
-0.625445	0.0344404
-1.18624	0.265418
-1.26338	0.195023
-0.996274	0.411329
-0.822997	0.424452
-1.23154	0.594007
-1.12583	0.539317
-1.00989	0.428444
-0.798029	0.344623
-0.687505	0.383275
-0.702817	0.529714
-0.601965	0.558596
-0.454259	0.474662
-0.135443	0.432629
0.00773147	0.458336
-0.0735513	0.569574
-0.215146	0.546604
-0.216672	0.632933
-0.248153	0.778757
-0.230982	0.933697
-0.553983	0.906339
-0.635983	1.02447
-0.805328	1.17138
-0.923342	1.26238
-0.999226	1.23126
-0.923524	0.969152
-1.01857	0.92438
-1.02808	0.812342
-0.941832	0.664823
-0.974586	0.743594
-0.950516	0.748764
-0.869797	0.691445
-0.864037	0.6542
-0.880513	0.585795
-0.969901	0.591021
-0.927078	0.477614
-0.992397	0.445571
-0.939703	0.31567
-1.02003	0.272068
-0.80507	0.0983307
-0.831063	0.385438
-0.732553	0.53988
-0.733912	0.42591
-0.813611	0.471875
-0.799736	0.499563
-0.748533	0.48354
-0.781852	0.353084
-0.580273	0.371423
-0.492087	0.34466
-0.426233	0.101784
-0.441443	0.0539893
-0.364355	0.176671
-0.184822	0.114063
-0.272185	0.090045
-0.57652	-0.0427217
-1.05246	0.0245522
-1.20777	0.249561
-1.23616	0.440519
-1.01396	0.355745
-0.782845	0.191256
-0.629189	-0.0847157
-0.68052	-0.378459
-0.828181	-0.468993
-0.915337	-0.539465
-1.00407	-0.526268
-0.968634	-0.620805
-0.948434	-0.659281
-0.921618	-0.6323
-0.70488	-0.727068
-0.679649	-0.738077
-0.6079	-0.685586
-0.514151	-0.455369
-0.504488	-0.126458
-0.201576	0.033789
-0.22503	0.144736
-0.208942	0.232882
-0.289257	0.355133
-0.208323	0.361396
-0.292771	0.528297
-0.168032	0.518565
-0.221381	0.376286
-0.185133	0.472907
0.0536717	0.277801
-0.115904	0.178063
-0.356872	-0.21168
-0.498576	-0.353958
-0.515701	-0.235839
-0.640519	-0.175643
-1.11936	-0.394489
-1.16308	-0.309767
-0.939666	-0.190897
-1.05324	-0.174623
-1.06988	-0.388789
-1.04579	-0.178819
-1.1242	-0.0550627
-1.0278	0.0146089
-0.983673	-0.225613
-0.94296	-0.183128
-0.794074	0.0535146
-0.789478	-0.20984
-0.9587	-0.148854
-0.636469	-0.172404
-0.671482	-0.395202
-0.764379	-0.608088
-0.594135	-0.53224
-0.749916	-0.488635
-0.500491	-0.351744
-0.596579	-0.298531
-0.795761	-0.236709
-0.890414	-0.213028
-0.772632	0.103188
-0.406206	0.35868
-0.184579	0.46802
-0.274556	0.3173
-0.253862	0.419372
-0.146783	0.244866
-0.0924615	0.0841095
-0.0162471	0.102751
0.142806	0.0748194
0.213504	0.0459048
0.342998	0.299996
0.249545	0.269305
0.19952	0.196551
0.119234	0.406615
-0.819176	0.0800822
-0.798769	0.162718
0.0793771	0.213875
-0.0039403	0.183479
0.0485898	-0.173908
-0.0735932	0.228827
-0.14797	-0.139826
-0.225581	-0.330236
-0.360449	-0.653279
-0.322743	-0.583661
-0.287198	-0.457375
-0.297724	-0.333269
-0.27681	-0.0972915
-0.0878696	-0.0468045
-0.159103	0.178771
-0.0819989	-0.131341
-0.233865	-0.265605
-0.561158	-0.565135
-0.662752	-0.425707
-0.763199	-0.402867
-0.655051	-0.426348
-0.575429	-0.367328
-0.210914	-0.332474
0.347451	0.104079
0.868959	0.304255
0.841846	0.458332
0.785249	0.299107
0.32933	0.241468
-0.10345	0.3081
-0.29965	0.103648
-0.400946	-0.10206
-0.378017	0.0366514
-0.376459	0.00459048
-0.203821	-0.218386
-0.0395684	-0.551832
-0.265999	-0.604032
-0.39372	-0.528745
-0.601349	-0.298479
-0.78901	-0.0791363
-0.769503	-0.0703081
-0.892283	0.209636
-0.841982	0.274492
-0.824118	0.285061
-0.847153	0.413256
-0.723785	0.509702
-0.673701	0.624967
-0.479252	0.572435
-0.336329	0.578589
-0.181186	0.567692
-0.08687	0.338345
-0.72049	0.00133145
-0.45479	-0.017788
-0.794989	0.0683516
-1.13748	0.175229
-1.27866	0.0455785
-1.32271	0.120011
-1.21779	-0.17729
-1.04907	-0.252953
-1.13119	-0.280565
-1.19693	-0.258527
-0.846762	-0.119351
-0.366951	-0.095199
-0.611253	-0.263275
-0.776178	-0.259914
-0.78752	-0.334489
-0.700784	-0.417249
-0.738068	-0.365281
-0.573128	-0.478176
-0.54553	-0.518305
-0.411822	-0.520101
-0.385872	-0.405824
-0.404375	-0.47367
-0.451883	-0.463069
-0.176283	-0.39912
0.00689838	-0.542559
-0.0198419	-0.359986
-0.23672	-0.376379
-0.188385	-0.569173
-0.624483	-0.0571779
-0.668812	0.0403218
-0.644585	0.000490247
-0.733722	-0.168178
-0.625638	-0.0259753
-0.541729	-0.0539174
-0.77809	0.0728559
-0.894	-0.148459
-1.04635	-0.157535
-1.08146	-0.269079
-1.11244	-0.495107
-1.27798	-0.30092
-1.18281	-0.232597
-1.26851	-0.494583
-1.49421	-0.551997
-1.22248	-0.430229
-0.984584	-0.490219
-0.397886	-0.306489
-0.126055	-0.566375
-0.326114	-0.513149
-0.521931	-0.499756
-0.43082	-0.580504
-0.35911	-0.653424
-0.436215	-0.704606
-0.353844	-0.65363
-0.21235	-0.58537
-0.357336	-0.271695
-0.639104	0.135146
-0.645743	0.137524
-0.695989	0.0904404
-0.718487	0.182277
-0.65048	0.17233
-0.565596	0.0947228
-0.501394	-0.0152032
-0.652938	0.263347
-0.613034	0.613676
-0.457451	0.727899
-0.358535	0.722034
-0.400906	0.788443
-0.476432	0.830309
-0.560942	0.880536
-0.608667	0.776967
-0.592899	0.758349
-0.387188	0.607596
-0.0998978	0.573379
0.14285	0.350686
-0.107879	0.480825
0.0136598	0.35312
-0.0961078	0.407406
-0.315043	0.364645
-0.27838	0.370813
-0.251739	0.188749
-0.464373	0.120501
-0.387635	0.0719395
-0.3032	0.413382
-0.305744	0.515615
-0.523894	0.298283
-0.55825	0.244399
-0.603264	0.162479
-0.612351	0.147778
-0.654884	0.184572
-0.588549	0.142764
-0.555116	0.164078
-0.448121	0.0949946
-0.365246	0.183228
-0.267363	0.311066
-0.257963	0.425695
-0.301824	0.406794
-0.441338	0.333847
-0.648188	0.341898
-0.68176	0.334362
-0.760153	0.532459
-0.758372	0.515565
-0.803183	0.387724
-0.801461	0.278887
-0.776222	0.0831112
-0.730571	-0.108202
-0.579232	-0.260968
-0.170141	-0.293391
0.208398	-0.317898
0.527273	-0.131303
0.48501	0.0156687
0.426222	0.154035
0.628046	0.174354
0.676118	0.12703
0.560555	0.046541
0.556213	-0.0780261
0.381046	-0.0878127
0.131776	-0.436496
-0.0689517	-0.603786
-0.366128	-0.66448
-0.507876	-0.712726
-0.702023	-0.681613
-0.721427	-0.586356
-0.802657	-0.398059
-0.671059	-0.335262
-0.674809	-0.118566
-0.605291	0.146755
-0.494259	0.355942
-0.382327	0.583097
-0.394659	0.591793
-0.229672	0.442086
-0.188541	0.383142
-0.319394	0.487855
-0.503809	0.556663
-0.171522	0.436152
-0.0586209	0.404746
-0.137725	0.551893
-0.0192706	0.310982
0.176098	0.31488
0.169826	0.219123
-0.130006	0.463921
-0.211387	0.242106
-0.649426	-0.256248
-0.601328	-0.354405
-0.472554	-0.245417
-0.5855	-0.342266
-0.469328	-0.203411
-0.42441	0.0636731
-0.561822	0.00398948
-0.634047	0.00297216
-0.711119	-0.0453863
-0.651615	-0.225951
-0.682093	0.175405
-0.388285	-0.169108
-0.0628224	0.216156
0.019234	0.340239
0.116731	0.543177
0.259634	0.672416
0.358726	0.408073
0.117996	0.327684
0.280747	0.197886
-0.373857	0.405039
-0.555899	0.384822
-0.809991	0.309379
-0.935226	0.324964
-0.991849	0.312976
-0.917591	0.333401
-0.982014	0.254796
-1.15493	0.336193
-1.24727	0.358325
-1.23017	0.390199
-0.915207	0.560569
-0.900669	0.293012
-1.30871	0.628671
-1.30333	0.697327
-0.666388	0.573804
-1.03514	0.692123
-1.2681	0.931172
-1.17116	0.952124
-0.980556	0.944846
-0.80912	1.12445
-0.485546	1.38724
-0.162212	1.39439
0.015761	1.25549
0.0286094	1.23274
0.116003	1.12431
0.0261329	1.13661
-0.0967305	1.1007
-0.412542	1.04911
-0.728864	0.861172
-0.799968	0.438109
-0.81253	0.227966
-0.582259	-0.052139
-0.389846	-0.175596
-0.384907	-0.183219
-0.377129	-0.046438
-0.726442	0.158945
-0.782097	0.0956404
-0.758846	0.264195
-0.678806	0.499486
-0.620297	0.506617
-0.538589	0.260582
-0.423865	0.224481
-0.364419	0.0955968
-0.646231	-0.0684827
-0.520807	-0.220132
-0.439189	-0.246035
-0.221526	-0.0111668
0.219958	0.116677
0.008347	0.200309
-0.000416903	0.420876
-0.411756	0.416936
-0.377842	0.222296
-0.432756	0.497852
-1.01434	-0.29552
-0.853502	-0.37258
-0.445302	-0.0275093
-0.560965	-0.207887
-0.618955	-0.22699
-0.686849	-0.15338
-0.37678	-0.353092
-0.572561	-0.204249
-0.675382	-0.421115
-0.602302	-0.376103
-0.743362	-0.463137
-0.207574	0.458949
0.0526982	0.888671
0.235154	1.04793
0.0670803	0.986895
0.226325	0.785623
0.380807	0.6206
0.224179	0.36555
0.174417	0.407149
-0.0320086	0.625025
-0.0575979	0.432326
0.0714363	0.729106
0.0326567	0.499676
-0.36887	0.52627
-0.66187	0.45335
-0.850697	0.376795
-1.08874	0.265064
-1.13494	0.13039
-1.0907	-0.00735988
-1.16343	-0.0553931
-1.14835	-0.0661151
-1.0647	-0.09285
-0.942994	-0.157658
-0.826566	-0.204914
-0.70827	-0.155325
-1.08321	0.228258
-1.05286	0.31977
-0.951717	0.295385
-1.01564	0.205175
-0.8112	0.0450051
-0.840631	-0.0640299
-0.744322	-0.214933
-0.639579	-0.304773
-0.609457	-0.329283
-0.514621	-0.330968
-0.534153	-0.250907
-0.672864	-0.0856405
-0.839342	0.0806483
-0.912515	0.347926
-0.766374	0.462338
-0.746379	0.608057
-0.792609	0.543927
-0.683241	0.513844
-0.681341	0.49756
-0.594956	0.450627
-0.254382	0.765079
-0.00440772	0.895383
0.2007	0.614422
0.386857	0.53648
0.360844	0.555115
0.389069	0.639244
0.44251	0.721479
0.43242	0.77846
0.249731	0.803327
0.0204646	0.791756
-0.238777	0.708949
-0.503095	0.519588
-0.809411	0.323137
-1.0318	0.155953
-1.15865	-0.0200299
-1.09526	-0.270169
-1.00644	-0.487731
-0.903662	-0.599581
-0.682533	-0.818649
-0.543048	-0.877944
-0.203894	-0.923442
-0.32	-0.833676
-0.228169	-0.518943
-0.419639	-0.456763
-0.4028	-0.514271
-0.714838	-0.346366
-0.811177	-0.167356
-0.587057	-0.179877
-0.666502	-0.176238
-0.524146	-0.12514
-0.833498	-0.182826
-0.646447	-0.123656
-0.87013	-0.186927
-0.823762	-0.207245
-0.806059	-0.37848
-0.961136	-0.382888
-0.848072	-0.361163
-0.726628	-0.192173
-0.736638	-0.439702
-0.908235	-0.515876
-0.746346	-0.258382
-0.819223	-0.350141
-0.878044	-0.475382
-0.802504	-0.386125
-0.838722	-0.326056
-0.668586	-0.379285
-0.921613	-0.386531
-0.487426	-0.403859
-0.654421	-0.511564
-0.376583	-0.0780091
0.0116121	0.142609
0.282433	0.580754
0.146919	0.328038
-0.157819	0.0760618
-0.454579	-0.0298024
-0.392829	0.0369719
-0.512157	-0.0948507
-0.677859	-0.401213
-0.311877	-0.349974
-0.0672051	-0.39321
0.411545	0.132834
0.410838	0.456239
0.309958	0.279149
-0.072063	0.0797987
-0.652495	0.114451
-0.683708	0.162142
-0.741861	0.354827
-0.914354	0.547343
-0.856231	0.695983
-0.943801	0.587984
-0.727758	0.288663
-0.910342	0.394119
-0.923109	0.371868
-0.919341	0.38067
-0.908787	0.466787
-0.859394	0.5002
-0.773401	0.529655
-0.745186	0.65991
-0.707108	0.815482
-0.577776	0.918693
-0.485678	1.07953
-0.476138	1.17143
-0.39079	0.894021
-0.200921	0.671739
-0.196726	0.791908
-0.265791	0.707706
-0.302844	0.571889
-0.393477	0.680479
-0.245807	0.779228
-0.204764	0.842182
-0.211665	0.645108
-0.204006	0.72576
-0.0641188	0.57646
-0.577203	0.4974
-0.875242	0.749066
-1.08907	0.952416
-0.960981	0.70787
-0.902606	0.614166
-0.793821	0.496346
-0.739468	0.489114
-0.454976	0.44818
-0.300899	0.519448
-0.22689	0.686882
-0.317535	0.608207
-0.260099	0.605502
-0.176397	0.430769
-0.449163	0.446958
-0.309956	0.243877
-0.453387	0.314077
-0.464706	0.218953
-0.684366	0.18296
-0.698531	-0.0290331
-0.757447	-0.0262096
-0.598404	-0.0456762
-0.131682	-0.0496464
-0.176746	-0.0683621
-0.751354	0.185603
-0.848909	0.0244006
-0.597763	0.0281998
-0.819089	0.123274
-1.0463	0.0392528
-1.01484	-0.156734
-0.997153	-0.0848956
-0.908196	-0.286175
-0.946616	-0.0365658
-0.500158	0.00180387
-0.208065	-0.391595
-0.284879	-0.728827
-0.42478	-0.818509
-0.570015	-0.808508
-0.430471	-0.909813
-0.32573	-0.995479
-0.139945	-0.990539
0.0957738	-0.89813
0.103627	-0.714609
-0.327814	-0.45763
-0.62953	-0.292059
-0.672833	-0.310008
-0.603556	-0.344707
-0.466266	-0.278461
-0.346131	-0.232668
-0.116955	-0.284243
-0.0608008	-0.260818
0.0506091	-0.312835
0.0390761	-0.231791
-0.00382865	-0.227165
-0.207155	-0.109277
-0.518408	0.0863972
-0.775693	0.147686
-0.867345	0.108129
-0.916986	0.066533
-1.09844	0.123206
-1.11402	0.0040186
-0.890417	-0.268172
-0.505195	-0.372336
-0.671655	0.240587
-0.880091	0.338097
-1.38653	0.222383
-0.757022	0.093389
0.0613646	0.226423
0.145465	0.0719414
-0.0588991	0.16196
-0.165773	0.15634
-0.121014	0.0328509
-0.132827	-0.2079
-0.33452	-0.35481
-0.602673	-0.405753
-0.921041	-0.35524
-1.09751	-0.378615
-1.1025	-0.314274
-1.17038	-0.379673
-1.16603	-0.397858
-1.19304	-0.330295
-1.17319	-0.286658
-1.09288	-0.211081
-1.02715	-0.103845
-0.925589	0.0256587
-0.861181	0.21871
-0.820271	0.398047
-0.605177	0.299309
-0.64642	0.40312
-0.625514	0.546171
-0.670083	0.62169
-0.515966	0.52941
-0.414185	0.517128
-0.298312	0.499578
0.0676999	0.355799
-0.0163476	0.378046
-0.02744	0.233945
-0.0730944	0.210907
-0.234631	0.0975761
-0.315831	-0.0143586
-0.359196	-0.152635
-0.464634	-0.203012
-0.584058	-0.172353
-0.593205	-0.190047
-0.688717	-0.0358678
-0.672074	-0.0785934
-0.846019	0.00918672
-1.00854	-0.0127457
-0.801246	-0.0688326
-0.706135	0.376511
-0.405974	0.403722
-0.225472	0.475913
-0.467899	-0.138501
-0.662256	-0.325728
-0.729218	-0.292947
-0.632185	-0.0750011
-0.61286	-0.308042
-0.560076	-0.302599
-0.364737	-0.22766
-0.431204	-0.456327
-0.268558	-0.553226
-0.359303	-0.404893
-0.333971	-0.496591
-0.245194	-0.338791
-0.193798	-0.345416
-0.291548	-0.32773
-0.234983	-0.316184
-0.0915819	-0.175606
-0.245241	0.37421
-0.116126	0.572465
-0.310361	0.29493
-0.292704	0.123294
-0.151999	0.385318
-0.256949	0.459562
-0.369425	0.583035
-0.157902	0.329969
-0.419289	0.287687
-0.257234	0.725017
0.095647	1.06696
0.162911	1.03306
-0.18464	0.828483
-0.41551	0.663531
-0.395922	0.627932
-0.350115	0.62542
-0.0938685	0.813259
0.252701	1.05385
0.408958	0.989575
0.473382	1.01729
0.404018	1.09465
0.325334	1.19677
0.222634	1.30132
-0.133246	1.31948
-0.454926	0.932065
-0.447014	0.425072
-0.126831	0.319744
0.220543	0.0965406
0.0163064	-0.00850363
-0.484965	-0.092937
-0.791287	-0.174081
-1.0269	-0.293398
-1.23316	-0.373907
-1.27767	-0.434345
-1.34675	-0.501419
-1.34968	-0.605019
-1.40022	-0.655495
-1.49468	-0.730556
-1.50339	-0.665873
-1.32576	-0.643068
-1.16956	-0.67229
-1.1487	-0.714223
-1.09835	-0.414191
-1.0079	-0.112136
-0.854043	-0.0127245
-1.04678	0.174265
-1.02732	0.11319
-0.998648	0.211959
-0.958845	0.129557
-0.90064	0.0105654
-0.586117	-0.649601
-1.04021	-0.599939
-0.850866	-0.705458
-1.06113	-0.436867
-1.06338	-0.546787
-0.999717	-0.740841
-0.926938	-0.458373
-0.732074	-0.559407
-0.654401	-0.373375
-0.89781	-0.56511
-1.14873	-0.334749
-0.818098	-0.387622
-0.84577	-0.262274
-0.74174	0.0121228
-0.573353	0.154562
-0.275757	0.140952
-0.118821	0.200447
-0.468221	0.28847
-0.77729	0.0619362
-0.840412	0.0599019
-0.957897	-0.322429
-0.859382	-0.216779
-0.713972	-0.114835
-0.806177	-0.0481637
-0.889275	-0.0312835
-0.740569	-0.246432
-0.706289	-0.200996
-0.563172	-0.242923
-0.582919	-0.255058
-0.653918	0.0341097
-1.25291	0.106697
-1.0774	0.00175702
-0.0556194	-0.118326
0.143835	-0.192773
-0.0710264	-0.184894
-0.201104	-0.238727
-0.365245	-0.241739
-0.45135	-0.103988
-0.481905	0.000548545
-0.443581	0.0992368
0.187661	-0.0762226
0.0420787	0.12182
0.0987837	0.157736
0.0834505	0.344414
0.231377	0.284896
0.249146	0.389019
0.107352	0.499622
-0.0279064	0.671878
-0.079584	0.547883
-0.45278	0.565778
-0.57703	0.651939
-0.329597	0.730382
-0.342203	0.572971
-0.444703	0.241137
-0.269636	0.0900497
0.135339	-0.0014403
0.330223	0.0632374
0.538365	0.0510162
0.704632	0.0662367
0.699152	0.234174
0.700001	0.245749
0.601354	0.22734
0.561456	0.163635
0.519831	0.00962261
0.265638	-0.0604956
-0.0688767	-0.0708676
-0.263892	-0.147373
-0.44302	-0.286011
-0.64857	-0.393032
-0.772056	-0.440427
-0.827147	-0.503855
-0.884031	-0.553122
-0.929365	-0.595865
-0.911846	-0.642442
-0.777479	-0.786666
-0.654452	-0.851393
-0.293748	-0.978975
-0.166698	-0.748454
-0.25095	-0.710776
-0.22546	-0.658001
-0.393306	-0.618598
-0.417425	-0.470124
-0.325762	-0.501741
-0.539371	-0.41511
-0.492938	-0.310562
-0.349552	-0.486895
-0.560341	-0.452544
-0.656965	-0.655415
-0.561523	-0.490204
-1.00073	-0.570978
-0.847225	-0.384818
-0.596609	-0.237857
-0.653372	-0.300021
-0.725774	-0.429856
-0.788953	-0.184128
-0.610177	-0.133069
-0.651306	-0.323392
-0.688428	-0.138254
-0.773884	-0.291155
-0.698862	-0.3149
-0.68304	-0.358861
-0.939812	-0.0248216
-0.859708	0.85668
-0.391815	0.704056
-0.637852	0.821828
-0.788741	0.925766
-0.928928	0.997392
-0.811606	0.852098
-0.460201	0.499572
-0.201412	0.405193
0.0114665	0.357629
-0.189754	0.597785
-0.368908	0.373894
-0.32352	0.36366
-0.206853	0.353782
-0.507438	0.348647
-0.608032	0.161802
-0.861969	0.270272
-0.816106	0.271452
-0.635851	0.117769
-0.733196	0.179661
-0.940279	0.218953
-0.982703	0.199352
-1.04089	0.311083
-0.985601	0.254043
-0.855428	-0.190898
-0.754586	-0.608301
-0.839595	-0.547342
-0.812292	-0.584334
-0.794181	-0.549388
-0.601542	-0.598022
-0.345485	-0.794879
-0.184292	-0.790226
-0.261342	-0.584644
-0.525588	-0.331854
-0.323764	-0.0674827
-0.253979	0.0571827
-0.233365	0.0951643
-0.287055	0.226061
-0.336185	0.293348
-0.412348	0.305469
-0.554884	0.491798
-0.60736	0.579118
-0.598605	0.544945
-0.297801	0.552822
-0.523102	0.167805
-0.508244	0.0195425
-0.409504	-0.189377
-0.416264	-0.248659
-0.413051	-0.25752
-0.358444	-0.264191
-0.30549	-0.335562
-0.676284	-0.184147
-1.04326	-0.0438113
-1.22739	0.0258623
-1.26671	0.0555615
-1.19102	0.105026
-1.14647	0.126125
-1.09919	0.198441
-1.09359	0.25034
-1.06885	0.263519
-1.03553	0.28216
-1.05137	0.329453
-1.06586	0.368058
-0.977011	0.455173
-0.917766	0.393322
-0.924471	0.448892
-0.795129	0.5981
-0.760428	0.578682
-0.496856	0.383208
-0.0892296	0.181403
-0.263933	0.226456
-0.471793	0.309385
-0.464351	-0.11625
-0.641841	-0.0934943
-0.666559	-0.0317048
-0.805675	-0.0320458
-0.641468	-0.0870127
-0.540414	-0.211711
-0.300611	-0.0544607
-0.308295	-0.159331
-0.542837	0.0124582
-0.653392	-0.284879
-0.768927	-0.147314
-0.502678	-0.232378
-0.833328	-0.149863
-0.753247	-0.165673
-0.770731	-0.116623
-0.687041	-0.0713187
-0.827102	-0.123317
-0.856672	-0.227718
-0.524607	-0.0442497
-0.727294	-0.0599491
-0.931406	-0.065023
-0.94598	-0.108944
-0.742169	0.00727811
-0.539311	0.0728494
-0.902785	0.153276
-0.929002	0.411455
-1.13489	0.434853
-0.0221306	0.954321
0.167915	1.08085
0.225898	1.09959
0.232647	0.906459
0.116057	0.905421
0.0720131	0.906847
0.066765	0.860338
-0.0200683	0.950655
-0.344433	0.892115
-0.517193	0.650313
-0.735643	0.45374
-0.884324	0.165501
-0.992116	0.0231869
-1.08069	0.00403453
-1.06092	0.0233698
-0.923588	-0.00946613
-0.841204	0.0731765
-0.713562	0.314884
-0.414483	0.436503
-0.44804	0.161381
-0.84741	0.0647303
-0.938765	-0.0892109
-1.38695	-0.450572
-0.669821	0.204158
-0.876114	0.16269
-1.13924	-0.0235282
-1.31105	-0.0680891
-1.19954	-0.186761
-1.01024	-0.307278
-0.655945	-0.15651
-0.338675	-0.0172575
-0.328478	-0.0913302
-0.213493	-0.155155
-0.431689	0.036107
-0.418366	-0.102176
-0.546816	-0.338609
-0.678393	-0.603156
-0.843203	-0.665388
-0.69115	-0.501357
-0.84471	-0.137727
-0.60972	-0.478829
-0.978431	-0.122483
-0.422194	0.104552
-0.389428	-0.357754
-0.239052	-0.493231
-0.184492	-0.45091
-0.240079	-0.313637
-0.266965	-0.567159
-0.447082	-0.234896
-0.316587	0.0045383
-0.0250606	0.0264223
0.0199993	0.0458537
0.218251	0.205359
0.315285	0.0754758
0.321918	0.0949857
0.200041	0.215346
-0.316205	0.240142
-0.770868	0.0860156
-1.06817	-0.0439263
-1.27484	-0.0496327
-1.44514	0.21307
-1.26674	0.199932
-0.835905	-0.0932558
-0.771385	-0.217267
-1.01965	-0.209284
-1.08471	-0.155843
-1.11844	-0.119996
-1.14412	-0.0511183
-1.0709	-0.0940474
-1.07511	-0.133688
-1.08934	-0.182014
-1.04093	-0.250742
-0.856311	-0.261411
-0.939395	-0.0392118
-1.05645	0.0504842
-0.994982	0.0291768
-0.887574	-0.0174522
-0.704744	-0.0334386
-0.380199	-0.295372
-0.173416	-0.505086
-0.141679	-0.528996
0.0339432	-0.577913
-0.0531043	-0.562557
-0.170368	-0.379794
-0.259803	-0.16937
-0.620983	-0.0580573
-0.469086	-0.195542
-0.270317	-0.269872
-0.271236	-0.0662508
-0.0996513	-0.00322257
-0.0800611	0.0690144
-0.0131335	0.107335
-0.151988	0.342298
0.0608284	0.250869
-0.10262	0.298717
0.045411	0.131918
-0.172474	0.00643995
-0.412775	0.0531775
-0.539974	0.248841
-0.518591	0.345719
-0.286999	0.236995
0.0695954	0.31272
0.130636	0.269145
-0.216852	0.301542
-0.263182	0.501296
-0.145661	0.833995
-0.429996	1.05459
-0.286181	1.03449
-0.305627	1.17491
-0.349887	1.19362
-0.412362	1.23594
-0.51513	1.15156
-0.617199	1.16257
-0.705817	0.953787
-0.750472	0.726444
-0.669205	0.520936
-0.430024	0.27848
-0.272886	0.182225
-0.0234521	0.0980295
0.0175473	0.152419
0.106635	0.241402
0.0331331	0.396078
0.214231	0.38998
-0.061442	0.387215
-0.23043	0.320184
-0.3048	0.457008
-0.557764	0.255836
-0.794278	0.235431
-0.689279	0.0848131
-0.531213	-0.0152575
-0.50409	-0.100608
-0.368664	-0.175934
-0.615597	-0.11576
-0.514437	-0.0444195
-0.214297	-0.126468
-0.30275	-0.086566
-0.308957	-0.104531
-0.296079	-0.233515
-0.0369446	-0.174565
-0.230987	-0.30269
-0.328481	-0.359783
-0.543802	-0.278582
-0.485142	-0.431884
-0.325436	-0.427287
-0.317885	-0.380988
-0.663286	-0.118511
-0.515088	-0.0941345
-0.672952	-0.0849738
-0.704363	-0.201593
-0.375969	-0.658095
-0.72635	-0.347802
-0.502911	0.0272742
-0.638356	-0.36639
-0.895554	-0.513237
-0.854336	-0.482587
-0.789015	-0.438472
-0.768889	-0.380533
-0.755148	-0.477268
-0.796621	0.175043
-0.809135	0.127923
-0.803536	-0.0359334
-0.850859	0.00923761
-0.803935	0.0904641
-0.697861	-0.222541
-0.860566	0.173458
-0.74111	0.0122819
-0.663331	0.0881564
-0.770724	0.227114
-0.867461	0.247107
-0.539584	0.49467
0.168811	1.12233
0.223086	1.24913
0.27895	1.12069
0.288261	0.96247
0.329487	0.948345
0.283901	0.985024
0.192509	1.07832
0.0974406	1.18047
-0.0333671	1.30949
-0.46826	1.18553
-0.53945	0.846404
-0.740788	0.683997
-0.901191	0.463852
-1.07452	0.239115
-1.11598	0.106189
-1.05883	0.0843336
-0.992633	0.247565
-0.868915	0.410584
-0.702712	0.401401
-0.29572	0.321678
-0.212282	0.322151
-0.247351	0.440946
-0.240303	0.509082
-0.188751	0.497114
-0.095652	0.485783
0.039007	0.365983
0.0831977	0.385048
0.0884594	0.424687
0.0772453	0.468835
-0.05898	0.687764
-0.510462	0.891888
-0.888699	0.561214
-0.563942	0.0310806
-0.0346731	0.157291
0.117919	-0.0552019
0.0613514	-0.185425
0.0159361	-0.109165
-0.221301	-0.286014
-0.410928	-0.201
-0.560305	-0.253593
-0.749082	0.0170215
-0.956623	0.291799
-1.25473	0.572797
-1.35059	0.715897
-0.745372	0.731659
-0.616621	0.468316
-0.888893	0.352237
-0.863243	0.303344
-0.670965	0.24264
-0.66598	0.262389
-0.585641	0.153131
-0.671322	0.102365
-0.658561	-0.187481
-0.588533	-0.13152
-0.587925	-0.210884
-0.565595	-0.117665
-0.588426	0.11678
-0.949504	0.00795156
-1.16696	-0.0471039
-1.23028	-0.0379734
-1.293	-0.0384277
-1.27555	-0.014115
-1.17216	-0.0483656
-1.08801	0.00196518
-1.0192	0.200457
-0.894346	0.399493
-0.236062	0.206618
-0.351173	0.335549
-0.12866	0.41504
-0.0403847	0.260742
0.0177706	0.395756
-0.166091	0.280573
-0.0213165	0.377629
-0.393926	0.39557
-0.600282	0.22016
-0.503602	0.275667
-0.200325	0.0820858
-0.335913	0.0788344
-0.108925	0.0555435
-0.248266	0.0434076
-0.338617	0.136952
-0.221404	-0.00807294
-0.316952	0.0242439
-0.393081	0.106324
-0.605928	0.290259
-0.954736	0.491156
-1.14831	0.412154
-1.26267	0.557006
-1.09132	0.540512
-1.11494	0.425849
-1.06476	0.199917
-1.11023	0.0177245
-1.22604	-0.167714
-1.1719	-0.276496
-1.26752	-0.302281
-1.20572	-0.337383
-1.28034	-0.208597
-1.32026	-0.115056
-1.29792	-0.0199172
-1.22315	0.0713658
-1.03054	0.1907
-0.828957	0.394176
-0.752789	0.627899
-0.690753	0.732354
-0.678327	0.643354
-0.696348	0.712839
-0.672924	1.06174
-0.161101	0.99875
-0.0998131	1.07636
0.00172495	0.89113
0.0484327	0.799039
0.0355764	0.714523
0.0823623	0.696661
0.0586581	0.699059
-0.0487733	0.731391
-0.0994554	0.796752
-0.0546482	0.842275
-0.144775	0.812707
-0.048732	0.78228
-0.357492	0.576541
-0.612134	0.0957907
-0.625478	0.193096
-0.809839	-0.0128578
-0.957107	0.201376
-0.94938	-0.572614
-0.289228	-0.243107
-0.358824	-0.293639
-0.1653	-0.255584
-0.211832	0.0322381
-0.38046	0.227101
-0.539461	0.413128
-0.498292	0.421048
-0.147799	0.329983
0.0524464	0.482416
0.29139	0.389282
0.0134528	0.281557
-0.0439015	0.264538
-0.163994	-0.25265
-0.288526	-0.241685
-0.379395	-0.239225
-0.213178	-0.116137
-0.399477	-0.629366
-0.421094	-0.696438
-0.0608491	-0.601173
0.663594	0.258737
0.872458	0.539893
0.795613	0.524789
0.590142	0.318305
0.666488	0.166494
-0.13586	0.399187
-0.396636	0.427375
-0.248812	0.238483
-0.251259	0.209551
-0.3646	0.294998
-0.379539	0.37313
-0.424211	0.435426
-0.504234	0.387603
-0.199669	0.19721
0.198254	0.231583
0.202153	0.0736823
-0.0891565	0.0741025
-0.397375	0.0398529
-0.296326	0.0188061
-0.329745	0.707944
-0.642939	0.144263
-0.884325	0.283073
-0.722191	0.257115
-0.472956	0.0282585
-0.355006	-0.228807
-0.825873	-0.229836
-1.11341	-0.107427
-1.09219	0.11849
-0.986442	0.144688
-0.978252	0.223921
-0.782326	0.444032
-0.651919	0.715427
-0.643312	0.746981
-0.531199	0.417972
-0.512687	0.213525
-0.650986	0.046815
-1.52858	-0.359267
-1.76249	-0.538307
-1.15091	-0.774777
-0.777933	-0.193784
-0.504442	-0.107307
-0.553317	-0.0438955
-0.690302	-0.227083
-0.711719	-0.0361289
-0.656274	-0.116466
-0.863417	0.0749179
-0.374519	-0.0611948
-0.217126	-0.29535
-0.440763	-0.392507
-0.653377	-0.312642
-0.541732	-0.325206
-0.552841	-0.238261
-0.353001	-0.22335
-0.186202	0.139745
-0.310993	0.373163
-0.310786	0.323899
-0.396063	0.396354
-0.28855	0.394533
-0.218595	0.406378
-0.860193	0.801343
-0.79156	0.658991
0.0797098	0.618767
0.417625	0.498332
-0.0943188	0.826346
-0.333392	1.28671
-0.196441	1.2907
-0.0667841	1.14514
0.0526556	1.07003
0.133538	0.942986
0.0363811	1.01492
-0.000947366	0.975058
-0.0813996	0.962608
-0.167451	0.991874
0.00854944	0.803891
-0.0216869	0.465248
-0.349776	0.31759
-0.538773	0.170145
-0.860658	0.104327
-1.04159	0.135723
-1.09543	0.0756421
-1.06132	0.157982
-0.917054	0.175224
-0.753447	0.128579
-0.672113	-0.0476158
-0.722294	-0.0740743
-0.724354	-0.209209
-0.785823	-0.01516
-0.911683	-0.198383
-0.722473	0.0767678
-0.404229	0.338982
-0.0335931	0.920394
-0.187306	0.670897
-0.147147	0.735536
-0.0629929	0.772006
-0.0475066	0.818337
-0.0992502	0.936732
-0.0488836	1.0205
0.0225568	1.01349
0.120302	0.526151
-0.0796558	0.588609
-0.103129	0.366219
0.000625521	0.323571
0.215372	0.457275
0.00426381	0.607979
0.0393417	0.440468
-0.217621	0.481115
-0.424723	0.547045
-0.603115	0.542799
-0.426103	0.363953
-0.536215	0.458263
-0.441141	0.216048
-0.554856	0.139128
-0.604416	0.490723
-0.586587	0.75721
-0.481808	0.810111
-0.476628	0.919933
-0.423585	0.802875
-0.420845	0.543196
0.252094	0.337463
0.0960751	0.242023
-0.106856	0.21399
-0.133773	0.167141
-0.296677	0.0672358
-0.28016	0.230195
-0.511656	0.281865
-0.8285	-0.0717808
-0.919584	-0.263544
-0.87634	-0.251103
-0.757567	-0.485489
-0.451279	-0.226667
-0.520149	-0.135999
-0.589843	0.0139188
-0.522437	0.0149863
-0.604825	-0.159168
-0.535226	-0.648518
-0.48907	-0.605601
-0.111878	0.118415
0.217892	0.302823
0.144206	0.41178
0.0311167	0.619297
-0.613561	0.577554
-0.437075	0.410164
-0.44123	0.484032
-0.828767	0.3861
-0.875216	0.381335
-0.668923	0.225572
-0.470056	-0.0681596
-0.39788	-0.200202
-0.25742	-0.36476
-0.183057	-0.390092
-0.200756	-0.240993
-0.14425	-0.157866
-0.142047	0.117318
0.104734	0.262473
0.215914	0.285831
0.29071	0.405308
0.324556	0.353979
0.34152	0.226898
0.44989	0.400118
0.687176	0.27012
0.544268	0.327223
0.611529	0.221405
0.667646	0.106128
0.585795	0.247255
0.59296	0.0741218
0.507516	0.279958
0.493811	0.404412
0.366588	0.181927
0.140452	0.161692
-0.109488	0.218647
-0.368121	0.160504
-0.347055	0.205478
0.00196921	0.148687
-0.365953	0.131294
-0.412766	-0.192019
-0.366275	-0.362881
-0.425983	-0.407069
-0.519536	-0.431616
-0.59612	-0.224935
-0.474051	-0.177486
-0.671855	-0.182974
-0.952832	-0.288131
-0.796029	-0.309887
-0.87565	-0.296535
-0.81951	-0.190102
-0.83742	-0.403718
-0.853363	-0.353096
-0.673966	-0.302017
-0.721335	-0.078455
0.146308	0.145122
0.0851077	0.48376
0.0956988	0.411815
0.0470391	0.502462
-0.307667	0.446227
-0.369777	0.286463
-0.422663	0.430781
-0.459772	0.506718
-0.518972	0.584954
-0.371232	0.551618
-0.260361	0.575777
-0.106537	0.718028
0.130688	0.821459
0.358119	0.609815
-0.0575057	0.239992
-0.401247	-0.0775824
-0.696937	-0.216161
-1.01777	-0.079972
-1.17971	-0.342695
-0.810202	-0.552165
-0.534202	-0.651622
-0.11405	-0.262745
0.182032	0.30085
0.262415	0.0785932
0.508308	0.0251961
0.187536	0.158798
-0.467411	0.274592
-0.726287	0.204056
-0.588978	0.280197
-0.61721	0.377709
-0.689341	0.346719
-0.695974	0.163333
-0.659263	-0.0747489
-0.413854	-0.194714
-0.433186	-0.179021
-0.524334	-0.197572
-0.439618	-0.287854
-0.228367	-0.362168
-0.274062	-0.236431
-0.045528	-0.241396
0.109646	-0.155514
0.159972	0.108571
0.22768	0.256696
0.694628	0.111429
0.449311	0.264493
0.234882	0.299445
0.198424	0.17
0.403879	0.35492
0.831604	0.292044
1.0447	0.0634015
0.722554	0.00260971
0.327687	0.0405869
-0.0234893	0.0693821
-0.0385448	-0.146936
-0.26212	-0.234795
-0.478153	-0.237675
-0.707282	-0.137463
-0.728748	-0.134629
-0.298829	-0.232381
-0.0885385	-0.139682
-0.252743	-0.400444
-0.226718	-0.322058
-0.205864	-0.201722
-0.179613	-0.202301
-0.101121	-0.18913
0.049545	-0.0287167
-0.16979	0.104782
0.0864735	0.342202
0.153261	-0.0143234
0.156074	0.261213
-0.552903	-0.0337881
-0.290541	0.307518
-0.649514	0.1761
-0.853828	0.225062
-0.572574	0.159917
-0.428774	0.074418
-0.291531	0.242097
-0.211969	0.421431
-0.738183	0.0642148
-0.937648	-0.0495239
-0.896514	-0.154722
-1.23794	-0.338942
-1.3123	-0.334955
-1.20986	-0.449086
-1.1546	-0.296852
-1.27948	-0.436965
-1.18501	-0.11511
-1.11116	-0.180478
-0.480778	-0.171492
0.036664	-0.310299
-0.111125	-0.449535
-0.191098	-0.561493
-0.164198	-0.606033
-0.138135	-0.569538
0.076425	-0.682389
0.14779	-0.642659
0.102365	-0.561496
-0.212378	-0.4342
-0.26125	-0.300594
-0.226717	-0.230846
-0.0696956	-0.42983
-0.0529695	-0.286868
0.122022	-0.470895
0.147186	-0.427941
0.245608	-0.562273
0.235856	-0.452269
0.250609	-0.498071
0.317879	-0.584736
0.274911	-0.586944
0.258788	-0.630969
0.178749	-0.496813
0.198097	-0.655789
0.0825619	-0.539417
0.111033	-0.45198
0.125285	-0.34988
0.0381318	-0.293118
-0.0318968	-0.164189
-0.0339417	-0.125484
0.0839051	0.0600589
0.158282	0.344615
0.0260279	0.463564
0.056101	0.269265
-0.0837259	0.447836
-0.415617	0.367359
-0.239168	0.315652
-0.407871	0.0121524
-0.409806	-0.052164
-0.429594	0.0137646
-0.481071	0.131334
-0.506971	0.248241
-0.498049	0.298932
-0.37172	0.308359
0.0825782	0.34324
-0.207427	0.065298
-0.518	-0.0241417
-0.511226	-0.0860268
-0.463717	-0.223426
-0.424214	-0.198798
-0.70993	-0.0450666
-0.442555	0.592032
-0.716216	0.612321
-0.741402	0.534159
-0.823008	0.60368
-0.961138	0.646659
-0.934404	0.570903
-0.915221	0.571343
-0.966788	0.600244
-0.961528	0.547517
-0.995998	0.437139
-0.967099	0.329156
-0.935424	0.131469
-0.602544	-0.349215
-0.545236	-0.163403
-0.612628	-0.0466083
-0.606768	0.0402487
-0.609596	0.020161
-0.584016	0.0250453
-0.620756	0.106387
-0.615214	0.239978
-0.477693	0.38288
-0.414511	0.482584
-0.304509	0.440051
-0.19795	0.306804
-0.419123	0.366987
-0.572477	0.441856
0.0168334	0.410854
0.21364	0.369866
-0.275637	0.0383795
0.224754	-0.0355153
-0.191529	-0.074311
-0.198034	-0.149652
-0.466077	-0.163748
-0.288946	-0.469989
-0.633149	-0.020246
-0.496198	-0.184502
-0.507214	-0.332401
-0.376576	-0.136675
-0.161555	0.0862255
-0.66161	-0.184438
-0.404658	-0.315717
-0.578234	-0.545694
-0.494139	-0.189121
-0.605825	-0.107635
-0.476909	-0.246489
-0.442095	-0.181183
-0.565929	-0.134213
-0.540164	-0.230884
-0.435892	-0.220541
-0.664341	-0.106405
-0.629358	-0.167784
-0.701327	-0.124102
-0.582378	0.0350277
-0.78523	-0.156734
-1.03251	-0.0846508
-0.412597	0.100465
-0.146647	-0.0620545
-0.10908	-0.198842
-0.561846	-0.0486018
-0.70202	0.0833117
-0.750222	0.332124
-0.759527	0.318739
-0.717327	0.299315
-0.629837	0.291026
-0.803616	0.334712
-0.878119	0.210072
-0.970192	0.308752
-1.04432	0.413256
-0.790637	0.213573
-0.762475	0.207979
-0.762423	0.0790183
-0.656779	-0.0326856
-0.692303	0.235359
-0.487446	0.494189
-0.342644	0.365351
-0.0607346	0.172644
0.197379	0.0631075
0.421965	0.0880015
0.418621	0.182036
0.521608	0.0986265
0.516373	0.0223165
0.579365	-0.203727
0.409197	-0.411249
0.33573	-0.273327
-0.0283282	-0.496866
-0.391033	-0.33793
-0.681856	-0.325138
-0.922599	-0.444681
-1.03121	-0.52841
-1.09296	-0.597806
-1.17974	-0.575096
-1.23854	-0.603718
-1.23021	-0.587819
-1.14553	-0.569271
-1.1262	-0.558969
-1.13037	-0.476108
-1.00044	-0.314844
-0.779325	-0.193203
-0.605004	-0.00349309
-0.558383	0.00402752
-0.634106	0.171257
-0.698704	0.146777
-0.643019	0.0372929
-0.527087	0.17036
-0.37373	0.447389
-0.303145	0.712999
-0.404841	0.791123
-0.385875	0.776115
-0.279843	0.752267
-0.267409	0.765374
-0.334463	0.780718
-0.494526	0.895112
-0.393929	0.953723
-0.136893	0.397966
-0.289796	0.253678
-0.546894	0.236432
-0.956186	-0.116892
-0.6786	-0.14246
-0.667283	-0.199665
-0.600174	0.0177416
-0.522754	-0.0777668
-0.804813	0.201138
-0.578395	0.549522
-0.846027	0.50524
-0.591195	0.432468
-0.572698	0.41767
-0.894436	0.360931
-0.944754	0.351964
-0.927505	0.365282
-0.948143	0.401726
-0.914189	0.432885
-0.682507	0.303887
-0.335407	0.280158
-0.151379	0.366553
-0.04696	0.47265
-0.0279773	0.405035
-0.193845	0.274772
-0.357979	0.218491
-0.329852	0.31868
-0.210854	0.452605
-0.170367	0.487938
-0.0704327	0.342328
-0.177754	0.262783
-0.254723	0.242111
-0.262772	0.221731
-0.474475	0.394517
-0.542242	0.636215
-0.496016	0.933082
-0.438851	1.20609
-0.19812	1.14937
-0.0237957	1.02177
0.0327542	0.923492
0.017935	0.916351
-0.0824705	0.893699
-0.143754	0.9565
-0.2331	0.953426
-0.477584	0.936305
-0.607285	0.746979
-0.603682	0.391566
-0.361931	0.34837
-0.0952663	0.442346
-0.166532	0.429154
-0.249902	0.318397
-0.357735	0.317958
-0.39294	0.151308
-0.586498	-0.065823
-0.759639	-0.0922171
-0.754211	-0.164093
-0.734398	-0.254776
-0.604235	-0.406183
-0.286317	-0.432498
0.121594	-0.37579
-0.0353179	-0.16918
0.231006	-0.160216
0.138646	-0.0375608
-0.113969	0.117989
-0.180202	0.0156704
-0.44667	-0.45255
-0.629506	-0.430293
-0.654581	-0.399149
-0.686778	-0.240325
-0.348701	0.141111
-0.133814	-0.0256019
-0.485789	-0.0441617
-0.81176	0.0524356
-1.01492	0.182335
-1.09511	0.198979
-0.937521	0.265793
-0.700564	0.742413
-0.547733	0.618249
-0.312366	0.338827
-0.321386	0.558889
-0.436995	0.670777
-0.734062	0.743295
-0.458017	0.715554
-0.480406	0.878079
-0.599555	1.01843
-0.570814	0.895166
-0.515475	0.935776
-0.254469	0.913582
-0.376128	1.02282
-0.227203	0.756312
-0.294937	0.474623
-0.191646	0.299523
-0.0934771	0.300496
0.203603	0.166284
0.222378	0.190368
0.393894	0.208315
0.391391	0.238385
0.241031	0.140609
0.044234	0.209645
-0.0569365	0.368609
-0.13666	0.685687
-0.067236	0.936067
0.0683964	1.1002
0.172038	1.11961
0.429297	0.974285
0.424399	0.953499
0.367182	0.940739
0.344006	1.03587
0.349026	1.047
0.195241	1.04446
0.364394	1.23495
0.227755	1.3513
0.0351158	1.32194
-0.209846	1.06864
-0.28645	0.533391
-0.215017	0.134257
-0.521613	0.0481764
-0.53572	0.0677643
-0.472472	0.0777786
-0.631231	0.205604
-0.534994	0.0275587
-0.718288	0.0369876
-0.751228	0.0970193
-0.645069	0.23981
-0.80493	0.0223035
-0.834362	-0.118941
-1.04969	-0.0430966
-0.742009	0.268454
-0.519898	0.138442
-0.809301	-0.0900047
-0.69279	-0.142581
-0.51868	0.13973
-0.96139	0.255649
-1.03041	-0.0209653
-1.09246	-0.121932
-1.26218	-0.0563843
-1.09172	-0.028276
-0.932325	-0.0504812
-0.981653	0.108635
-0.921443	0.0568184
-0.990389	-0.239888
-0.856054	-0.190388
-0.774437	-0.441532
-0.742998	-0.22503
-0.84923	-0.389938
-0.754515	-0.379345
-0.877873	-0.153734
-0.755651	-0.322268
-0.649031	-0.27902
-0.404335	-0.21271
-0.537728	-0.318044
-0.607713	-0.296015
-0.71796	-0.421907
-0.512483	-0.314657
0.0897434	0.198402
-0.45282	0.920083
-0.499805	1.01147
-0.509286	0.90868
-0.512039	0.898566
-0.561235	0.870141
-0.635741	0.808239
-0.458335	0.768704
-0.641621	0.912839
-0.559651	0.854385
-0.480929	0.806523
-0.391935	0.824406
-0.251618	1.02189
0.217646	1.10565
0.416694	0.970749
0.49638	0.918346
0.461278	0.926159
0.394397	0.956775
0.276343	1.01744
-0.0582409	1.13484
-0.40326	1.0022
-0.638304	0.664052
-0.531779	0.331117
-0.345439	0.247336
-0.29527	0.175864
-0.427881	0.0825989
-0.568274	0.127934
-0.786458	0.209752
-0.970857	0.285541
-0.973049	0.328919
-0.960087	0.326853
-0.962114	0.3028
-1.00521	0.301378
-1.06174	0.330539
-0.915698	0.311023
-0.843205	0.343498
-0.897799	0.30578
-0.834664	0.324433
-0.664485	0.402204
-0.378171	0.766267
-0.684215	0.509322
-0.470215	0.483212
-0.681052	0.283585
-0.602604	0.0926386
-0.735239	-0.064197
-0.314782	-0.0344218
-0.311535	0.0987312
-0.360674	0.0986102
-0.36946	-0.113354
-0.67466	-0.0697824
-0.751877	-0.0178239
-0.724436	-0.269325
-0.660075	-0.14137
-0.781113	0.0439107
-0.590558	-0.0204842
-0.434505	-0.0528751
-0.497011	0.0252164
-0.621904	-0.142038
-0.61477	-0.0274307
-0.645784	-0.328003
-0.465292	-0.21202
-0.429694	-0.174848
-0.75735	-0.202284
-0.819936	-0.23568
-0.591797	-0.226411
-0.567121	-0.278658
-0.753421	-0.294364
-1.63192	-0.00279593
-1.28396	0.305052
-0.781416	0.693792
-1.05568	0.43264
-1.24245	0.170707
-1.39116	0.00493778
-1.47163	-0.140912
-1.39144	-0.21921
-1.35297	-0.0786179
-1.26328	0.0494822
-1.13213	0.169688
-0.822867	0.184421
-0.537938	0.213153
-0.302186	0.253206
-0.373818	0.403568
-0.318994	0.550705
-0.34506	0.505928
-0.255342	0.465951
-0.220482	0.306704
-0.201743	0.402984
-0.0852283	0.215315
-0.119106	0.417838
-0.041026	0.28374
0.182137	0.493545
0.063124	0.426392
-0.394521	0.174278
-0.362817	0.208081
-0.317663	0.367646
-0.246988	0.430832
-0.302221	0.568421
-0.496354	0.569815
-0.683372	0.649666
-0.729244	0.588263
-0.715969	0.496217
-0.873914	0.32856
-0.887091	0.272445
-0.870768	0.277049
-0.795265	0.382293
-0.981497	0.534197
-1.13715	0.578404
-0.489832	0.511372
-0.546161	0.253312
-0.914012	0.168794
-1.09591	0.0243169
-1.12189	-0.0744232
-0.864386	-0.143847
-0.980927	-0.304486
-0.911882	-0.505946
-0.828322	-0.427458
-0.812579	-0.26916
-0.822975	-0.293398
-0.427427	-0.334883
-0.388119	-0.404607
-0.328133	-0.784846
-0.618014	-0.763347
-0.775059	-0.553599
-0.689352	-0.544011
-0.561084	-0.467941
-0.374493	-0.424405
-0.536588	-0.0654963
-0.609226	0.20385
-0.593769	0.261576
-0.619675	0.21828
-0.770532	0.33959
-0.757796	0.313846
-0.861814	0.422861
-0.850161	0.372387
-0.868992	0.435482
-0.772588	0.445141
-0.563623	0.418162
-0.138757	0.285275
-0.375318	0.42917
-0.173881	0.180187
0.0280117	0.175826
-0.189072	0.340547
-0.460002	0.250279
-0.685734	0.141073
-0.885223	0.285962
-1.00376	0.398026
-0.918545	0.413044
-0.88984	0.533791
-0.786391	0.591344
-0.629564	0.758286
-0.443039	0.809776
-0.189197	0.857403
-0.191004	1.04691
-0.16598	1.20489
0.203428	1.13766
0.169741	1.11927
-0.282807	1.21958
-0.115976	0.520697
-0.0101179	0.36556
-0.119647	0.525821
-0.199493	0.595063
-0.286054	0.528497
-0.340462	0.385493
-0.294673	0.565476
-0.333841	0.289591
-0.229215	0.0103949
-0.565817	-0.0562752
-0.515191	-0.016808
-0.570448	0.207978
-0.582927	0.369476
-0.531119	0.418605
-0.253268	0.368468
0.0961396	0.284273
0.0112426	0.381249
-0.137639	0.435151
-0.35832	0.397342
-0.44854	0.262008
-0.521211	0.38477
-0.427054	0.396664
-0.318474	0.321784
-0.166832	0.219313
-0.0540588	0.26874
-0.155626	0.372943
0.0804653	0.411103
-0.454774	0.370492
-0.881497	0.473734
-0.922342	0.463398
-0.874592	0.349058
-0.943874	0.456136
-0.817666	0.485612
-0.723798	0.512145
-0.329003	0.538458
-0.117608	0.431278
0.014867	0.352733
-0.0873061	0.484513
-0.15117	0.573111
-0.104871	0.659843
-0.141011	0.681569
-0.324551	0.864481
-0.0989621	0.691731
0.0528159	0.628586
0.160181	0.834401
0.101712	0.655004
0.0399285	0.782538
0.0453332	0.724792
0.0280847	0.969007
0.109343	0.881306
0.221005	1.04436
0.337572	1.17553
0.33361	1.02814
-0.0606783	0.981868
-0.216145	1.12802
-0.223198	1.05223
-0.278115	0.872925
-0.174445	0.571407
-0.337375	0.562816
-0.450308	0.521287
-0.385405	0.385282
-0.329768	0.354564
-0.289795	0.424586
-0.124306	0.370551
0.027167	0.28126
-0.0460795	0.420045
-0.108918	0.445126
0.0120132	0.386364
-0.28223	0.505866
-0.153543	0.432637
-0.330833	0.385178
-0.356382	0.286586
-0.536415	0.473424
-0.333919	0.387868
-0.0311293	0.384637
-0.16708	0.491046
-0.18997	0.381367
-0.262561	0.336475
-0.226833	0.0741102
-0.714055	-0.205969
-0.660102	-0.386647
-0.537592	-0.374244
-0.550752	-0.387732
-0.63538	-0.256756
-0.522214	-0.215142
-0.822625	-0.0453694
-1.01488	-0.247298
-1.07555	0.159926
-0.837661	0.367188
-0.456713	0.360551
-0.240518	0.517667
-0.208938	0.605201
-0.279025	0.530424
-0.624342	-0.00411411
-0.797916	0.0377482
-0.728217	-0.0666701
-1.03274	0.0607386
-1.18231	-0.0794992
-1.10873	0.176895
-0.960187	-0.00304898
-0.671079	0.0305387
-0.713188	-0.0452656
-0.31367	0.343062
-0.818894	0.529815
-1.10292	0.731944
-0.962351	0.606963
-0.933315	0.591719
-0.955732	0.540644
-0.985767	0.526659
-1.0151	0.56624
-0.991684	0.528303
-0.878298	0.431193
-0.663474	0.663595
-0.699523	0.716682
-0.391926	0.660215
-0.266552	0.138718
-0.53206	0.401063
-0.820053	-0.0801252
-0.70151	-0.148426
-0.763147	-0.0160416
-0.987074	0.00973218
-0.867329	-0.0746856
-1.02095	-0.0932741
-0.868855	-0.455131
-0.664997	-0.159601
-0.92806	0.175324
-0.672426	-0.00457014
-0.599619	-0.141947
-0.454247	-0.131138
-0.768419	0.0208203
-0.76009	-0.123484
-0.678315	-0.131019
-0.671937	-0.0357764
-0.632606	-0.0627285
-0.756592	-0.115748
-0.301909	0.166089
-0.167047	-0.0971832
-0.337715	-0.300761
-0.453693	-0.302398
-0.522043	-0.215783
-0.538221	-0.161884
-0.508382	-0.0689244
-0.499575	0.074021
-0.654207	0.408195
-0.608078	0.342587
-0.469709	0.258104
-0.262898	0.138079
-0.175975	0.126516
-0.075884	0.152885
0.157806	0.0285816
0.297347	-0.0618576
0.302553	0.0550538
0.381882	0.0652926
0.348592	0.123385
0.443243	-0.0348985
0.463556	-0.0965677
0.345435	0.0163036
0.311497	-0.0663043
0.342475	-0.193757
0.361639	-0.170115
0.231471	-0.225977
-0.0890655	-0.281085
-0.215346	-0.283561
-0.361566	-0.463156
-0.503527	-0.369496
-0.551839	-0.277298
-0.383158	-0.26816
-0.242213	-0.250173
-0.191174	-0.243919
0.00369895	-0.266216
0.180174	-0.181462
0.375343	-0.0434546
0.459975	0.0595678
0.547728	0.0998351
0.506385	0.216326
0.727728	0.213302
0.760821	0.23359
0.78191	0.473058
0.728497	0.372052
0.392028	0.434954
0.214831	0.77813
0.121757	0.744853
-0.25713	0.68298
-0.249773	0.259437
-0.0986119	0.18015
-0.236854	0.145241
-0.24145	0.0761625
-0.255896	0.0205402
-0.185518	-0.10477
-0.50701	0.361176
-0.194404	0.516447
0.191367	0.449131
0.469231	0.248227
0.391503	0.14999
0.355295	0.146332
0.296782	0.153146
0.179819	0.177262
0.0910475	0.142208
-0.0620159	0.289209
-0.13177	0.492569
-0.354173	0.766768
-0.273962	0.821286
-0.273956	0.719647
-0.320722	0.753101
-0.320125	0.746275
-0.388518	1.00317
-0.286856	0.669966
-0.143575	0.395034
-0.173695	0.408922
-0.263929	0.649141
-0.0801707	0.614867
-0.119927	0.467252
-0.0779807	0.550015
0.0917459	0.712794
0.170081	0.632012
0.059844	0.804916
0.182754	0.775608
0.301421	0.940957
0.201145	0.884193
0.195031	0.826021
0.0235047	0.935377
-0.0955395	0.970978
-0.111262	0.959166
-0.174658	0.873555
-0.238009	0.685332
-0.599979	0.28458
-0.771877	0.140412
-0.833448	-0.0218813
-0.717302	-0.163287
-0.617572	-0.201138
-0.375008	-0.21561
-0.066526	-0.0722973
-0.115166	-0.0366621
-0.171118	0.110825
-0.278629	0.2098
-0.512342	0.0469467
-0.424546	-0.108937
-0.282026	-0.1953
-0.395139	-0.179692
-0.293664	-0.146674
-0.442558	0.0552811
-0.628687	-0.263505
-0.898541	-0.274482
-1.10937	-0.0753982
-0.433157	0.272648
-0.408952	-0.0850815
-0.450781	-0.353995
-0.800417	0.0601945
-0.916852	0.236731
-0.902356	0.123502
-0.718833	-0.105823
-0.721176	-0.213313
-0.6781	-0.212238
-0.493635	-0.217963
-0.428078	-0.212076
-0.283325	-0.219232
-0.149076	-0.190845
0.152987	0.00373802
0.122993	-0.0471537
0.0596975	-0.178345
-0.0952845	-0.145874
-0.0183917	0.0575259
-0.0522413	-0.114123
-0.0871172	0.0822691
0.0995704	0.100052
0.115412	0.178532
0.039837	0.208552
0.112313	0.219802
0.113266	-0.0095481
-0.124762	0.334904
-0.644187	0.280719
-0.279432	0.244806
-0.364128	0.293802
-0.622621	0.145105
-0.503614	-0.0750531
-0.54704	-0.0453087
-0.443787	-0.199685
-0.374398	-0.259174
-0.329	-0.194713
-0.172519	-0.193319
-0.197264	-0.165178
-0.199109	-0.0671171
-0.0283477	0.218902
-0.132103	0.686956
-0.0319789	0.993804
-0.549222	0.62436
-0.595926	0.944044
-0.253042	1.10597
0.032707	1.2274
0.108322	1.16228
0.073167	1.09198
-0.187344	1.046
-0.388907	0.540341
-0.293789	0.235536
-0.25284	0.294887
-0.441129	0.500225
-0.330811	0.368455
-0.459556	0.456901
-0.477928	0.513149
-0.532756	0.455577
-0.513702	0.417498
-0.598589	0.492976
-0.583436	0.483273
-0.565605	0.460744
-0.438032	0.413478
-0.374686	0.407631
-0.359769	0.436529
-0.17655	0.369579
-0.209499	0.281931
-0.291821	0.314146
-0.286017	0.172705
-0.500271	0.177649
-0.709449	0.104211
-0.910627	0.255255
-0.990441	0.31304
-0.974538	0.34173
-1.0141	0.381286
-1.01207	0.364779
-0.984063	0.454151
-0.88495	0.50442
-0.769335	0.64501
-0.659089	0.766081
-0.573084	0.889765
-0.526094	0.7902
-0.672113	0.551523
-0.656364	0.508087
-0.595683	0.511041
-0.628325	0.528884
-0.564959	0.48158
-0.506476	0.40536
-0.555686	0.500463
-0.565048	0.51277
-0.557703	0.595871
-0.496633	0.48943
-0.439766	0.460439
-0.337203	0.524813
-0.40427	0.43256
-0.717686	0.1155
-0.78057	0.0322969
-0.928102	-0.0430855
-0.908032	-0.170844
-0.964357	-0.216806
-0.960355	-0.255399
-0.942721	-0.33293
-0.842477	-0.39338
-0.667214	-0.441457
-0.580213	-0.397105
-0.514847	-0.201972
-0.477912	-0.188974
-0.690927	-0.145905
-0.635532	0.0744594
-0.567461	-0.0143751
-0.582821	-0.0626232
-0.524848	-0.137037
-0.696426	-0.23822
-0.542644	-0.160171
-0.462425	-0.128203
-0.61058	-0.241335
-0.652395	-0.0758952
-0.583153	0.00524159
-0.631413	-0.00575001
-0.621341	-0.0279685
-0.47119	-0.00841082
-0.57689	-0.0103026
-0.675211	-0.83182
-0.902794	-0.255926
-0.927853	0.0449125
-0.907629	-0.00679658
-0.791672	-0.114066
-0.507262	-0.0433812
-0.267981	0.0307303
-0.220327	0.431174
-0.573097	0.424302
-0.684907	0.113936
-0.796613	0.193206
-1.04197	0.176137
-0.89982	0.212087
-0.979788	0.172603
-1.09088	-0.132921
-0.824856	-0.0648866
-0.744999	-0.0575757
-0.598881	-0.294256
-0.660809	-0.3253
-0.589312	-0.23657
-0.579513	-0.439472
-0.53984	-0.346015
-0.489955	-0.139748
-0.817297	-0.175373
-0.17041	0.138941
-0.577501	0.0252815
-0.917659	-0.124174
-1.14458	-0.236448
-1.13463	-0.330384
-1.11083	-0.29512
-1.07475	-0.290025
-1.03071	-0.271869
-1.06923	-0.189568
-1.07694	-0.0395129
-0.987611	0.107766
-0.687226	0.243003
-0.312378	0.258542
-0.374352	0.228156
-0.291457	0.266649
-0.180452	0.130943
-0.0405175	0.0838826
-0.484519	0.0299
-0.761589	-0.0679349
-0.56188	-0.116136
-0.983376	0.243761
-0.929221	0.214198
-0.7162	-0.0197708
-0.552934	-0.0747352
-0.438737	0.164027
0.0714854	0.177175
0.064117	0.252253
0.183412	0.21247
-0.00396603	0.366933
-0.236565	0.504923
-0.150132	0.889542
0.131801	0.944039
0.189672	0.925127
0.157162	0.851386
0.0152281	0.876795
-0.267231	0.882706
-0.417751	0.733795
-0.104497	0.5301
-0.20727	0.563448
-0.184812	0.444678
-0.241877	0.342826
-0.0899847	0.162273
-0.60097	0.455362
-0.715689	0.424607
-0.774488	0.382657
-0.783203	0.224654
-0.831455	0.0762519
-0.670739	-0.085587
-0.503923	0.0159953
-0.10135	0.0553123
-0.168162	0.0240038
-0.138974	0.206944
-0.274249	-0.0147943
-0.363998	-0.0989213
-0.828053	-0.156382
-0.84983	-0.153392
-0.670555	0.0407923
-0.750542	-0.0500751
-1.07388	0.0415898
-1.23627	0.106628
-0.643621	0.0692745
-0.663894	0.202438
-0.908285	0.367996
-0.678555	0.264539
-0.661436	0.333576
-0.544154	0.380835
-0.387331	0.408335
-0.335192	0.505424
-0.250016	0.591026
-0.188501	0.645959
-0.244002	0.521271
-0.379033	0.195076
-0.621031	0.122373
-0.73147	0.113066
-0.847974	-0.1062
-0.88494	0.0254079
-0.571433	0.148721
-0.174508	1.10333
0.262283	1.30176
0.394438	1.19987
0.241461	1.18792
0.156944	1.24392
0.152972	1.36814
0.0684402	1.28987
-0.0708582	1.43001
-0.0439262	1.21515
0.00911226	1.06731
0.00311139	0.87364
-0.225629	0.992611
-0.333591	0.808563
-0.173987	0.821427
-0.219858	0.673939
-0.313872	0.634673
-0.389086	0.549003
-0.56683	0.583995
-0.66471	0.723145
-0.625534	0.713777
-0.598527	0.683247
-0.65165	0.746288
-0.58613	0.77874
-0.569709	0.788392
-0.538758	0.670261
-0.389701	0.466782
-0.427001	0.363546
-0.408815	0.268461
-0.558866	0.294223
-0.57889	0.435204
-0.633461	0.572792
-0.737919	0.682672
-0.81837	0.558025
-0.693605	0.36033
-0.780034	0.33991
-0.751623	0.0640377
-0.755264	-0.121077
-0.631287	-0.0663212
-0.722006	-0.00932218
-0.655426	0.027552
-0.832912	0.143639
-0.667825	0.0549202
-0.370747	0.0517993
-0.148735	0.0131021
-0.229752	0.223638
-0.184893	0.186401
-0.40358	-0.0335337
-0.623161	-0.413618
-0.540146	-0.166432
-0.647071	-0.120892
-0.696681	-0.319206
-0.462915	-0.233359
-0.410557	-0.165454
-0.709252	-0.289645
-0.64174	-0.430138
-0.791553	-0.261776
-0.469128	-0.224317
-0.772641	-0.341178
-0.692757	-0.213817
-0.759589	-0.108879
-0.792325	-0.334781
-0.568175	-0.325569
-0.767498	-0.077273
-0.836402	-0.363442
-0.433601	-0.351584
-0.574195	-0.466776
-0.700796	-0.33282
-0.616657	-0.269095
-0.652112	-0.501911
-0.612571	-0.418378
-0.670054	-0.531612
-0.767229	-0.303564
-0.814979	-0.35536
-0.698046	-0.432047
-0.4627	0.0549504
-0.506923	0.258854
-0.88759	0.19494
-0.980733	0.0839754
-0.931808	0.0488757
-0.78255	0.218716
-0.869068	0.106346
-0.995647	0.12252
-1.23807	0.0434744
-1.25826	-0.0828715
-0.577522	0.240856
-0.601026	0.563227
-0.777536	0.44101
-0.937369	0.462594
-0.991658	0.457613
-0.934822	0.525869
-0.889915	0.614548
-0.827205	0.738113
-0.739121	0.667792
-0.760055	0.706651
-0.406124	0.650651
-0.19477	0.340631
-0.133078	0.485144
-0.0997512	0.515494
-0.156955	0.462673
-0.0187136	0.397566
-0.0250366	0.427501
-0.231998	0.498069
-0.108685	0.333349
-0.456103	0.176008
-0.327169	0.285569
-0.195661	0.546712
-0.14234	0.377476
-0.571951	0.504237
-0.828486	0.491609
-0.934304	0.428127
-0.884013	0.292216
-0.989819	0.167791
-1.10179	0.0231185
-1.02865	-0.139856
-1.08625	-0.166361
-1.08488	-0.191268
-0.95093	-0.29265
-0.92022	-0.243696
-0.930441	-0.196467
-0.74606	-0.0119497
-0.703619	0.275345
-0.592381	0.242777
-0.450941	0.183648
-0.308967	0.275137
-0.398409	0.444514
-0.377872	0.501892
-0.470219	0.610867
-0.443106	0.550491
-0.00525315	0.417511
0.0898584	0.311782
-0.181845	0.364493
-0.166164	0.370707
-0.0790446	0.350995
0.0305667	0.460671
0.329156	0.479134
0.29558	0.290617
0.0384166	0.212042
-0.0592723	0.217473
-0.250804	0.0517312
-0.302906	0.180729
-0.504285	0.0369332
-0.567936	-0.171288
-0.71862	-0.00410333
-0.615938	-0.0490869
-0.804601	0.117627
-0.605175	-0.140787
-0.811904	0.1721
-0.902348	0.196598
-0.816476	0.202749
-0.502229	0.0607712
-0.425893	0.257837
-0.388934	0.256886
-0.447376	0.327885
-0.620036	0.176267
-0.610425	-0.253351
-0.741191	-0.402889
-0.767548	-0.496822
-0.623071	-0.223164
-0.631432	-0.444131
-0.690128	-0.29189
-0.635949	-0.34811
-0.601766	-0.289839
-0.935757	-0.414628
-0.658532	-0.274373
0.462509	0.301047
0.784735	0.840928
0.681032	0.822987
0.767786	0.811369
0.497631	1.08432
-0.218322	0.919541
-0.482087	0.290499
-0.320337	0.344625
-0.39634	0.439452
-0.399476	0.46196
-0.32726	0.435526
-0.332864	0.494586
-0.280038	0.45515
0.124311	0.310691
0.151414	0.411021
-0.000340656	0.184803
-0.243847	0.1212
-0.313636	0.0536609
-0.48276	0.0234855
-0.369338	-0.0788709
-0.775252	0.0146439
-0.792057	0.119393
-0.233349	0.040255
0.00725315	-0.12085
-0.0472443	-0.296531
-0.248422	-0.263659
-0.329383	-0.307266
-0.409631	-0.460469
-0.502194	-0.466312
-0.50687	-0.529115
-0.527402	-0.436817
-0.355764	-0.381297
-0.218201	-0.188833
-0.0712145	0.110406
0.0672714	0.115394
0.00660079	0.0817282
-0.15977	-0.127965
-0.192634	-0.181255
-0.482149	-0.329984
-0.494045	-0.391224
-0.461367	-0.222333
-0.446985	-0.602914
-0.646067	-0.48286
-0.450258	-0.30597
-0.530784	-0.514226
-0.620328	-0.495296
-0.587673	-0.447988
-0.593314	-0.298224
-0.838119	-0.411744
-0.0138206	-0.0164985
-0.0788741	-0.0761558
-0.224295	-0.325792
-0.473578	-0.269734
-0.446556	-0.225788
-0.399312	-0.188849
-0.247388	-0.216585
-0.142899	-0.1515
-0.0361725	-0.085621
0.0397054	0.00950527
-0.0342071	0.0579094
-0.0115521	0.0760501
-0.292769	0.0736435
-0.646112	-0.217058
-0.446772	-0.677576
-0.636553	-0.339424
-0.743099	-0.108119
-0.766798	-0.0842448
-0.659456	-0.221808
-0.623793	-0.437026
-0.605217	-0.410022
-0.58336	-0.329931
-0.463168	-0.304703
-0.308319	-0.333584
-0.175305	-0.350277
-0.13742	-0.318584
-0.13091	-0.253913
-0.177712	-0.0786358
-0.278659	0.208063
-0.425096	0.469041
-0.365061	0.419
-0.182466	0.40199
0.0226627	0.294937
0.27791	0.117896
0.271958	0.230405
0.109851	0.0209666
0.110322	-0.102449
0.0666116	-0.142877
-0.0763345	-0.232637
-0.144084	-0.298693
-0.097263	-0.29622
-0.139678	-0.166587
-0.171742	-0.0412204
-0.164288	0.127151
-0.16558	0.215803
-0.202173	0.291076
-0.418257	0.420368
-0.536261	0.369309
-0.589632	0.316991
-0.388328	0.113525
-0.264702	-0.0478345
-0.288959	-0.114838
-0.363424	-0.179895
-0.584	-0.219857
-0.79557	-0.327349
-0.668405	-0.648117
-0.575471	-0.492945
-0.727452	-0.269621
-0.904783	0.133715
-0.841375	0.0154429
-0.771903	-0.106201
-0.653176	-0.147245
-0.588862	0.142613
-0.470319	0.274366
-0.382394	0.254914
-0.649838	0.149105
-0.700275	0.288637
-0.810094	0.221685
-0.953834	0.18069
-0.976828	0.302467
-0.855572	0.0423522
-0.952218	-0.115402
-0.876955	0.0168372
-1.15907	0.0666273
-1.22429	-0.0806528
-1.0393	0.166835
-0.534384	0.327994
-0.440793	0.216835
-0.606032	0.41993
-0.671504	0.562904
-0.534701	0.620166
-0.293053	0.734232
-0.247923	0.85612
-0.0670823	0.929451
0.163303	0.940946
0.254112	0.827982
0.329044	0.850269
0.243261	0.826004
0.104776	0.513212
-0.122981	0.538751
0.153905	0.579159
0.096176	0.687949
0.142229	0.724894
0.156274	0.86255
0.197213	1.07024
0.28149	1.01735
0.221534	0.988799
0.31231	0.966864
0.390843	0.870352
0.466654	0.843967
0.465674	1.00781
0.371715	0.95619
0.323083	1.12828
0.144942	1.18486
-0.0332764	1.26417
-0.33184	1.18611
-0.152674	0.457508
-0.109957	0.220351
-0.420373	0.104455
-0.646562	-0.0459727
-0.685633	-0.226456
-0.719516	-0.214401
-0.779212	-0.223871
-0.609109	-0.313624
-0.868796	-0.0885227
-0.777671	-0.171369
-0.58383	-0.186906
-0.56048	-0.281143
-0.598939	-0.227371
-0.662653	-0.131714
-0.852109	-0.0417079
-0.777933	-0.307246
-0.737497	-0.238407
-0.577156	-0.279223
-0.733618	-0.315611
-0.606357	-0.378476
-0.537043	-0.311427
-0.449321	-0.385216
-0.265962	-0.166836
-0.0544225	-0.228374
0.0779433	-0.430871
0.252722	-0.346428
0.217309	-0.0379498
0.42605	-0.0461837
0.551783	-0.240761
0.098005	0.0448219
-0.372964	0.0172908
-0.724912	0.00706342
-0.844025	-0.0478112
-0.647605	0.0467296
-0.664038	-0.0513272
-0.757059	-0.025745
-0.870063	-0.102901
-0.907993	0.00710024
-0.847716	-0.0467031
-0.848722	0.216822
-0.732486	0.277349
-0.172313	0.941415
0.0701357	0.944465
0.106896	0.984992
0.18149	0.983801
0.0793677	1.02366
-0.169073	1.07325
-0.43964	0.910845
-0.170016	0.677153
-0.0652072	0.422055
0.0425588	0.267487
-0.133896	0.358394
-0.229796	0.484748
-0.433138	0.719679
-0.476333	0.92619
-0.349679	1.0326
-0.259235	0.955675
-0.287244	0.886174
-0.294237	0.848634
-0.348574	0.853423
-0.585742	0.848318
-0.579262	0.649107
-0.304952	0.623466
-0.258422	0.499928
-0.275339	0.599576
-0.237566	0.626835
0.057434	0.491216
0.226301	0.417367
0.0698094	0.505715
-0.365033	0.562945
-0.582458	0.70053
-0.940763	0.19727
-1.1636	0.337001
-0.420885	0.339501
-0.433886	0.137764
-0.64159	-0.00222203
-0.856076	-0.143566
-0.774871	0.00713016
-0.429557	0.629418
-0.286203	0.506262
-0.188956	0.574872
0.221322	0.405997
0.267694	0.148155
0.236843	0.328656
0.241566	0.325823
-0.103158	0.502017
-0.267319	0.705052
-0.32094	0.808984
-0.276136	0.962451
-0.232985	1.05251
-0.182871	1.10733
-0.485883	0.989567
-0.536671	0.773017
-0.71502	0.630073
-0.965082	0.401462
-1.07365	0.163377
-1.13837	0.0846238
-1.17715	0.134288
-1.11697	0.155353
-1.07351	0.298029
-0.895956	0.399572
-0.686896	0.486491
-0.64184	0.560672
-0.342199	0.696145
-0.340712	0.638874
-0.321463	0.69509
-0.411522	0.547726
-0.536373	0.495048
-0.543809	0.253197
-0.675185	-0.0335439
-0.674439	-0.0889013
-0.605285	-0.0448561
-0.5584	0.174808
-0.237276	0.642263
-0.392948	0.632054
-0.61027	0.580453
-0.596263	0.48884
-0.616104	0.338712
-0.632806	0.249518
-0.535575	0.0753509
-0.717316	0.224007
-0.852902	0.285209
-0.833323	0.131443
-0.854793	-0.0376407
-0.687438	-0.170795
-0.694834	-0.26448
-0.729137	-0.20225
-0.675297	-0.230772
-0.644783	-0.260848
-0.675679	-0.205417
-0.679979	-0.1568
-0.724778	-0.0176662
-1.00656	0.493827
-1.01938	0.659581
-0.753475	0.535542
-0.864426	0.633059
-0.851256	0.574271
-0.86121	0.545045
-0.780243	0.481325
-0.851796	0.567275
-1.00632	0.517415
-0.823058	0.234818
-0.720235	0.09403
-0.742896	0.0721347
-0.790944	0.0675815
-0.792769	0.0333695
-0.827901	0.0510928
-0.58817	-0.117924
-0.837188	-0.0473287
-0.881995	0.120162
-0.795829	0.162624
-0.780706	0.211115
-0.792443	0.252037
-0.817531	0.314791
-0.809664	0.356771
-0.767694	0.403182
-0.742117	0.430008
-0.625578	0.449504
-0.629711	0.48682
-0.48171	0.549466
-0.332539	0.685167
-0.535172	0.489223
-0.765661	0.497562
-0.729965	0.1541
-0.763937	-0.0918043
-0.524163	0.0672613
-0.634476	-0.193251
-0.741554	-0.102029
-0.609757	-0.0620742
-0.537932	0.377711
-0.594957	0.376076
-0.427811	0.230757
-0.490885	0.307959
-0.639926	0.342926
-0.510096	0.175833
-0.453026	0.227814
-0.125548	0.0894603
0.120192	-0.0808201
0.254845	-0.204281
0.262167	-0.166676
0.310133	-0.211707
0.226356	-0.117619
0.0184408	-0.0918904
-0.0214063	-0.0623395
-0.198563	-0.113025
-0.130779	-0.0719734
-0.169196	-0.065642
-0.289814	-0.130501
-0.26914	0.0444067
-0.161419	-0.122128
-0.55481	-0.327269
-0.842064	-0.359345
-0.648382	-0.231236
-0.559865	-0.279937
-0.767721	-0.557961
-0.87486	-0.377384
-0.728331	-0.269465
-0.551403	-0.154713
-0.597685	-0.336998
-0.432348	-0.147859
-0.00430665	0.0260783
-0.0520521	-0.0156952
0.169657	0.0808961
0.245867	0.0485169
0.296344	0.0845288
0.324936	-0.159878
0.339526	-0.180976
0.231462	-0.226389
0.0143371	-0.279532
-0.0986773	-0.380944
-0.0732298	-0.427811
-0.0363462	-0.470802
0.019461	-0.449253
0.0817541	-0.4382
0.223632	-0.44077
0.201364	-0.248229
0.381404	-0.298548
0.228165	-0.141501
0.353027	-0.194702
0.288053	0.0196552
0.214424	0.200031
-0.193246	0.387113
-0.273962	0.219797
-0.0812607	0.177681
-0.312438	-0.197446
-0.370196	-0.266253
-0.542055	-0.10937
-0.275024	-0.159939
-0.320424	-0.0482415
-0.527535	-0.384319
-0.575786	-0.427747
-0.909453	-0.0379078
-0.898299	0.129505
-0.503751	0.145716
-0.904749	-0.0402987
-1.03103	-0.0990766
-0.918666	-0.258762
-0.837851	-0.412511
-0.788851	-0.50144
-0.529018	-0.729984
-0.494728	-0.840823
-0.722315	-0.834311
-0.763801	-0.891097
-0.876327	-0.789656
-0.929608	-0.709524
-0.823981	-0.720338
-0.776416	-0.803333
-0.808818	-0.887145
-0.706692	-0.903445
-0.52186	-1.148
-0.481834	-1.02909
-0.676637	-1.0387
-0.39847	-1.22285
-0.747843	-0.922155
-0.823667	-0.878951
-0.88032	-0.806752
-0.706579	-0.846015
-0.726574	-0.73452
-0.727574	-0.722092
-0.979051	-0.758273
-0.629396	-0.508681
-0.328348	-0.398392
-0.389402	-0.191733
-0.338649	-0.209802
-0.400768	-0.00250039
-0.267998	-0.15124
-0.0850381	-0.101954
-0.15022	-0.0840655
0.0723396	-0.0195068
0.411076	-0.128087
0.306981	0.0580482
-0.394946	0.21917
-0.409483	0.0520085
-0.44761	-0.251774
-0.638195	-0.4471
-0.892434	-0.438174
-0.924922	-0.447644
-0.990913	-0.374383
-0.938364	-0.411466
-1.02505	-0.242237
-1.09272	-0.160088
-1.00426	-0.17242
-0.920029	-0.0917791
-0.74535	0.0281752
-0.481329	-0.153148
-0.238031	-0.31555
-0.321932	-0.265341
-0.37447	-0.261111
-0.573572	-0.0593563
-0.881606	0.162436
-0.927521	0.293719
-1.07995	0.445641
-1.11616	0.433253
-1.04103	0.39536
-1.11695	0.486819
-1.13177	0.519243
-1.08984	0.490734
-1.16206	0.487766
-1.15574	0.467783
-1.0208	0.295725
-1.11293	0.415909
-0.813461	0.380463
-0.701664	0.474125
-0.675076	0.598061
-0.722407	0.453325
-0.475456	0.311635
-0.536862	0.130472
-0.888628	0.390585
-0.912405	0.371835
-1.03028	0.432008
-0.958384	0.280949
-0.638138	0.228165
-0.428409	0.321198
-0.232569	0.490406
-0.3208	0.407839
-0.551247	0.227516
-0.884388	-0.0198372
-0.713817	-0.101623
-0.625079	-0.144865
-0.68271	0.00441681
-0.694719	0.0193322
-0.569492	0.0965539
-0.480724	-0.021219
-0.520151	-0.0233604
-0.892439	-0.345512
-1.08373	-0.155483
-0.910182	-0.00134834
-0.39301	0.99986
-0.29095	0.873303
-0.466232	0.853712
-0.48813	0.63071
-0.618429	0.678762
-0.633914	0.650826
-0.637184	0.73249
-0.445781	0.728894
-0.0928939	0.718335
-0.0874482	0.666246
-0.35453	0.324599
-0.620146	0.0893519
-0.917263	0.156901
-0.92063	0.00365014
-0.68362	-0.052911
-1.09996	0.0977548
-1.26229	0.280857
-0.796899	0.35795
-1.11527	0.455774
-1.07691	0.39263
-0.527675	0.0233735
-0.519387	0.0196009
-0.490812	-0.18562
-0.519977	-0.241309
-0.456092	-0.0995791
-0.553805	-0.172358
0.216414	0.308474
0.675772	0.858166
0.441758	1.05405
0.346608	1.11868
0.410593	1.15054
0.457094	0.935055
0.303112	0.671091
0.0412889	0.232882
-0.244567	0.0771305
-0.352468	-0.0341426
-0.485116	-0.0850889
-0.5762	-0.272281
-0.71561	-0.286469
-0.577227	-0.0916421
-0.438061	-0.344097
-0.674274	-0.30177
-0.500496	-0.286297
-0.557125	0.0109079
-0.678399	-0.00326268
-0.811485	0.00692142
-0.57951	0.0471006
-0.205737	0.859232
-0.329059	0.383467
-0.868442	0.143499
-1.2053	0.0513328
-1.2314	-0.027304
-1.19196	-0.0990396
-1.04271	-0.288297
-0.920249	-0.439354
-0.826558	-0.504021
-0.835429	-0.360543
-0.670673	-0.126522
-0.532125	-0.00545875
-0.687358	-0.00490488
-0.647832	-0.120504
-0.816938	-0.383364
-0.905817	-0.380036
-0.787879	-0.38118
-0.843534	-0.173304
-1.06706	0.0752418
-0.191919	0.155647
-0.259742	-0.0384538
-0.377186	-0.182901
-0.417427	-0.186209
-0.476858	-0.147099
-0.505067	-0.0468293
-0.227388	0.0145654
-0.349383	-0.102865
-0.488951	-0.0849719
-0.580183	-0.0819378
-0.398515	-0.172122
-0.527983	0.139128
-0.457252	0.0828118
-0.194875	0.0124919
-0.231156	0.130405
-0.201388	0.433325
-0.0488404	0.283264
-0.182463	-0.107463
-0.142726	-0.180943
-0.119879	0.045197
-0.182805	0.068905
-0.291361	-0.225956
-0.594958	-0.108261
-0.67758	0.0217432
-0.649453	-0.132326
-0.945297	-0.171652
-0.975832	-0.265637
-0.640965	0.20282
-0.703116	0.0344416
-0.931012	-0.21371
-1.04509	-0.304542
-1.08277	-0.362425
-1.01364	-0.458012
-0.832979	-0.610197
-0.727012	-0.722364
-0.575285	-0.787466
-0.510054	-0.816146
-0.443192	-0.755257
-0.415416	-0.691213
-0.380617	-0.49173
-0.378495	-0.211762
-0.414197	0.0503888
-0.281679	0.199628
-0.184586	0.310834
-0.368882	0.516509
-0.3658	0.450063
-0.303969	0.353505
-0.46249	0.418406
-0.347513	0.44888
-0.324154	0.163019
-0.302059	0.0934163
-0.380877	-0.0269577
-0.441708	0.0682599
-0.263215	0.0752878
-0.375128	-0.146334
-0.49837	-0.0849101
-0.41769	-0.0366006
-0.151586	0.00812031
0.27822	-0.107913
0.467155	-0.0106983
-0.219407	0.306264
-0.336557	0.283339
-0.666512	0.20873
-0.788904	0.286455
-0.674159	0.140678
-0.540056	0.0144356
-0.467438	0.0728335
-0.261011	0.0960433
-0.441378	0.402096
-0.361604	0.608223
-0.146441	0.458429
-0.0791847	0.473537
-0.232622	0.393488
-0.330408	0.558746
-0.447582	0.438584
-0.377006	0.607508
-0.110143	0.488322
-0.000603032	0.439177
-0.0974456	0.262567
-0.261635	0.658197
-0.490874	0.843913
-0.350075	0.859513
-0.181047	0.811117
-0.165502	0.849209
0.0757053	0.764876
-0.327538	0.532689
-0.357073	0.276725
-0.551604	0.210462
-0.43688	0.0339403
-0.548258	-0.077383
-0.931627	0.0418478
-0.900374	0.0516188
-0.685762	0.0720261
-0.149859	0.981723
-0.187921	0.990319
-0.25494	1.18198
-0.146349	1.27491
-0.260768	1.20345
-0.88442	0.710056
-0.474605	0.599248
-0.634804	0.310685
-0.651731	0.235046
-0.54871	0.226077
-0.535664	-0.0411085
-0.602355	-0.0210991
-0.975776	0.218333
-0.376936	0.504177
0.240144	-0.0974816
0.219918	-0.3186
0.211731	-0.461957
-0.203366	-0.252764
-0.82256	0.0161077
-0.982168	0.0607292
-1.06704	0.0704983
-1.04612	0.111262
-0.937315	0.161401
-0.741459	0.245323
-0.507389	0.143353
-0.392359	0.131509
-0.274487	0.491832
-0.555627	0.135336
-0.663336	-0.0725743
-0.770163	0.144132
-0.782714	-0.0476471
-0.794695	-0.040569
-0.87095	0.0747952
-0.477746	0.308593
-0.532211	0.236199
-0.591185	0.246928
-0.605912	0.205055
-0.496301	0.124362
-0.322095	0.344729
-0.247214	0.271288
-0.310688	0.310469
-0.576736	0.250065
-0.387952	0.192074
-0.768995	0.0545394
-0.800051	0.0860213
-0.883357	-0.103828
-0.926626	-0.190814
-0.411546	-0.10981
-0.739483	0.17935
-0.874159	0.124369
-0.873183	-0.0898331
-1.03666	0.251633
-0.961955	0.591936
-0.25649	0.945193
0.00592026	1.06984
-0.00542845	1.03965
-0.128537	1.08221
-0.170613	1.02129
-0.244065	0.961743
-0.305889	0.634989
-0.137941	0.542637
-0.221397	0.809513
-0.380209	0.793448
-0.406902	0.609914
-0.717146	0.115425
-0.538253	0.0285055
-0.513704	0.131933
-0.641754	0.295814
-0.556144	0.160324
-0.700434	-0.0150906
-0.593152	-0.124782
-0.665781	-0.164021
-0.772364	-0.373597
-0.815782	-0.186871
-0.723057	-0.205682
-0.400943	-0.117376
-0.269606	-0.0923759
0.0486992	-0.157867
0.0859759	0.2989
0.610809	0.363496
0.651215	0.393947
0.390743	0.413195
0.251044	0.559977
-0.0742735	0.528952
-0.113944	0.35746
-0.240748	0.343154
-0.318752	0.454708
-0.345939	0.28786
-0.254842	0.0554606
-0.247259	-0.0142628
-0.431492	0.034417
-0.625819	0.0093627
-0.542852	-0.0601183
-0.598365	0.0234476
-0.545151	0.0893613
-0.43251	0.0576258
-0.354612	0.415567
-0.338942	0.359752
-0.383185	0.368988
-0.46561	0.36603
-0.556779	0.0744239
-0.450405	-0.215806
-0.309638	-0.21685
-0.103552	-0.441621
-0.0777551	-0.537181
-0.0573835	-0.48132
-0.054824	-0.479239
-0.117034	-0.399094
-0.153474	-0.279257
-0.192131	-0.0482078
0.0241242	0.0113492
-0.0561529	0.241423
0.0243466	0.480214
0.0521846	0.520137
-0.240496	0.185232
-0.336198	-0.0227498
-0.479717	-0.234438
-0.418513	-0.243637
-0.300565	-0.317561
-0.189533	-0.513384
-0.161065	-0.381736
0.224102	0.339845
0.344967	0.303045
0.319637	0.123656
0.187042	0.319636
-0.194153	0.156704
-0.377683	0.308151
-0.491389	0.196734
-0.573771	-0.0417792
-0.722949	-0.109599
-0.761362	-0.128382
-1.03465	0.0390379
-0.932791	-0.0273989
-0.692732	-0.101907
-0.69192	-0.280545
-0.794971	-0.271891
-0.649691	-0.471496
-0.775056	-0.605169
-0.671327	-0.397796
-0.359282	-0.0447415
-0.283555	0.201912
-0.553849	0.115336
-0.951752	0.0222007
-0.970201	-0.128543
-0.883292	-0.212589
-0.862654	-0.238021
-0.92214	-0.192541
-0.837588	-0.103445
-0.644507	-0.0078012
-0.228877	0.0587069
-0.213903	0.0898585
-0.228678	0.180428
-0.33585	0.213597
-0.206956	-0.0813454
-0.426939	0.190253
-0.259102	0.0214392
0.0104312	-0.0756383
-0.259656	0.189549
-0.18045	0.357358
-0.26369	0.243698
-0.21258	0.278627
-0.0882578	0.252047
0.0837316	0.205167
0.236781	0.176782
0.261701	0.0169904
0.0191432	-0.0160171
-0.0714665	-0.0615555
-0.217743	0.039073
-0.404403	0.474559
-0.384782	0.468379
-0.459087	0.380254
-0.459789	0.430361
-0.517818	0.529124
-0.479354	0.461316
-0.519075	0.448635
-0.453131	0.476648
-0.443382	0.474789
-0.238962	0.517467
-0.105184	0.604
0.173674	0.737442
0.0308307	0.121266
-0.261052	-0.0214515
-0.42654	-0.0332883
-0.857608	0.0528103
-0.953632	-0.090128
-0.392618	0.241517
-0.663069	0.188746
-0.881825	0.227384
-0.681131	0.0894418
-0.492867	0.175561
-0.250144	0.352395
-0.54197	0.19739
-0.969959	0.125817
-1.04404	-0.0203388
-1.0493	-0.0935659
-1.1366	-0.103484
-1.14363	-0.137001
-1.15956	-0.12802
-1.1593	-0.078374
-1.01364	-0.0123219
-0.84854	0.0705778
-0.656172	0.0771185
-0.509646	0.0944597
-0.569521	0.615361
-0.437028	0.632724
-0.449541	0.702829
-0.353584	0.64515
-0.334496	0.7834
-0.177822	0.725627
0.066384	0.585385
0.09766	0.408979
0.215222	0.400537
-0.279124	0.275426
-0.421835	0.162993
-0.156716	0.898721
-0.151596	1.02957
-0.076111	1.08482
0.00337885	1.15728
-0.00143229	1.20047
-0.0314911	1.29606
-0.0122763	1.27475
-0.118658	1.22892
-0.125741	1.18656
-0.095034	1.06339
-0.0481573	0.659691
-0.186445	0.265507
-0.247261	0.106327
-0.506464	-0.136082
-0.599663	-0.197939
-0.613765	-0.0597772
-0.733606	-0.0878972
-0.800447	-0.256128
-0.80541	-0.292736
-0.430949	0.0764137
-0.610909	-0.152706
-0.63411	-0.384726
-0.703311	-0.337081
-0.661158	-0.230961
-1.07949	-0.899579
-1.14087	-0.992991
-1.19676	-0.749557
-0.235393	-0.00974536
-0.364566	-0.0663278
-0.420987	-0.193986
-0.382469	-0.252131
-0.340118	-0.212137
-0.370611	-0.109938
-0.407209	0.199318
-0.350748	0.299968
-0.286037	0.313113
-0.303467	0.290639
-0.360097	0.198409
-0.346704	0.195378
-0.321302	0.137325
-0.256799	0.0516535
-0.110288	0.139128
-0.257372	0.252739
-0.357088	0.10986
-0.384886	0.145139
-0.40786	0.147593
-0.347788	0.0562554
-0.417099	0.0852376
-0.513645	0.0443064
-0.338513	-0.0313195
-0.21002	0.0267639
-0.142508	-0.0642088
-0.105688	-0.208156
-0.118517	-0.292969
0.0310296	-0.478859
-0.0280761	-0.36948
0.151665	-0.471899
0.374579	-0.597127
0.214787	-0.425079
0.22984	-0.511885
0.117378	-0.255674
0.182169	-0.198213
0.215737	-0.2018
-0.0565079	-0.0498454
-0.436798	-0.0602697
-0.794867	0.0505965
-0.699026	0.229481
-0.787005	0.116951
-0.791531	-0.016459
-0.716938	-0.00177148
-0.615172	0.0741144
-0.743999	0.0401497
-0.703157	0.0601212
-0.674735	-0.235767
-0.549592	-0.332978
-0.496901	-0.48901
-0.362794	-0.368579
-0.357548	-0.577849
-0.272165	-0.741718
-0.214552	-0.327235
-0.518827	-0.357566
-0.405548	-0.57929
-0.331371	-0.351869
-0.42262	-0.354283
-0.517142	-0.66019
-0.0962179	0.143661
0.238671	0.0549937
0.180085	0.011606
-0.153817	0.106197
-0.52718	-0.00702305
-0.2338	0.376179
-0.266889	0.408988
-0.284461	0.401451
-0.190909	0.229409
-0.436245	0.0449979
-0.511706	0.0566022
-0.442711	0.105499
-0.546113	0.193317
-0.592715	0.195626
-0.584642	0.189662
-0.578446	0.212585
-0.622127	0.252638
-0.408015	0.0358817
-0.467511	-0.102176
-0.155264	-0.0354047
-0.174439	0.284896
-0.165006	0.334172
-0.457294	0.660514
-0.332439	0.858078
-0.0377887	0.808304
0.154143	0.819087
0.0915576	1.03751
-0.129456	0.920972
0.0725674	0.474676
-0.00709885	0.431101
-0.257757	0.536553
-0.418773	0.538908
-0.412325	0.464402
-0.526427	0.549947
-0.543884	0.456538
-0.563167	0.379655
-0.558793	0.311063
-0.503388	0.213131
-0.510287	0.2269
-0.656598	0.166653
-0.0295271	0.0271802
0.273448	0.441087
-0.125559	0.238748
-0.627162	-0.161192
-0.802246	0.107502
-0.924686	0.18671
-0.995239	0.0343014
-1.17482	0.126133
-1.13926	0.272491
-1.12831	-0.00380611
-1.17487	0.0532779
-0.897063	0.00413126
-0.795919	0.0306452
-0.720944	-0.0529947
-0.91589	-0.102011
-0.624554	-0.118315
-0.662793	-0.24571
-0.739343	-0.332382
-0.505935	-0.164094
-0.822199	-0.12641
-0.552373	0.0922482
-0.123214	0.666341
0.422133	1.03375
0.416161	0.76479
0.442475	0.70777
0.43368	0.715258
0.38503	0.743496
0.386828	0.745974
0.280476	0.791394
0.172337	0.865442
0.0604048	0.894942
0.0256481	0.923399
-0.343605	0.859659
-0.540977	0.687658
-0.689993	0.562998
-0.886456	0.412177
-0.976144	0.228106
-0.940535	0.115225
-0.810108	-0.00594336
-0.771254	0.00802731
-0.805518	0.0463261
-0.823835	0.128173
-0.682693	0.210565
-0.472334	0.213427
-0.339446	0.370204
-0.315324	0.370441
-0.473646	0.483565
-0.399	0.00434611
-0.738868	0.0229051
-0.461713	0.00947788
-0.993339	-0.312339
-1.53648	-0.502289
-0.732294	-0.0973158
-0.300416	-0.167165
-0.475637	-0.295095
-0.434206	-0.41666
-0.505976	-0.389661
-0.454215	-0.261417
-0.167873	-0.249517
-0.0165154	-0.178471
-0.257	-0.224598
-0.50429	-0.247322
-0.667332	-0.242767
-0.743081	-0.366034
-0.803363	-0.35619
-0.807383	-0.318732
-0.71922	-0.339379
-0.711901	-0.308696
-0.522793	-0.317709
-0.168337	-0.164156
0.00337177	-0.150684
-0.106208	0.12271
-0.288782	0.0470591
-0.239653	-0.264901
-0.361332	-0.502553
-0.467694	-0.360337
-0.520421	-0.538484
-0.650304	-0.497877
-0.924732	-0.241767
-0.675894	0.00866913
-0.14775	0.342448
0.375276	0.301417
0.610123	0.158558
0.673668	0.272192
0.660482	0.20808
0.737217	0.270301
0.833876	0.141063
0.743823	0.177388
0.579331	0.222392
0.437677	0.162899
0.303097	0.0385489
0.286172	-0.0190639
0.268968	0.184905
0.116573	0.330003
-0.332742	0.50842
-0.615157	0.574292
-0.579313	0.581805
-0.609266	0.610365
-0.214521	0.424626
-0.432457	0.52759
-0.468969	0.922811
-0.447522	1.09175
-0.0984395	1.11629
0.13623	1.17868
-0.0338933	1.13499
-0.309004	0.502741
-0.248773	0.259003
-0.490406	0.0753052
-0.537596	0.0930187
-0.905798	0.204998
-1.59676	0.127113
-1.34861	0.407539
-0.508405	0.588612
-0.78757	0.41026
-0.963132	0.0683356
-1.05065	-0.142967
-1.26503	-0.377946
-1.33742	-0.501097
-1.34059	-0.477243
-1.2368	-0.425504
-1.13215	-0.348602
-0.864474	-0.152885
-0.702734	-0.108283
-0.488539	0.138647
-0.34915	0.177025
-0.571226	-0.283169
-0.852049	-0.307781
-0.740307	-0.268283
-0.826449	-0.396906
-0.672953	-0.420179
-1.02141	-0.566241
-0.895833	-0.412299
-0.794498	-0.140166
-1.08681	-0.146636
-1.09585	-0.0799925
-1.18915	0.0276002
-0.89798	0.114721
-0.78954	0.322035
-0.694965	0.309225
-0.242086	0.28586
-0.21497	0.212491
-0.176289	-0.00596042
-0.516943	-0.164136
-0.718825	-0.0161266
-0.870137	-0.141722
-0.359679	0.306735
-0.428254	0.33343
-0.366466	0.123025
-0.539749	0.183035
-0.645586	0.179681
-0.646077	0.126305
-0.573426	-0.0315726
-0.684149	-0.00590207
-0.811502	0.0223951
-0.915904	0.0105683
-0.998058	-0.0236568
-0.870559	-0.275509
-0.332246	-0.0084456
-0.181901	0.272577
-0.073751	0.220351
-0.238742	0.313386
-0.109273	0.503272
-0.184207	0.624494
-0.145863	0.552101
-0.353858	0.682816
-0.29663	1.10157
-0.206376	1.17456
-0.0852264	1.16569
-0.177457	1.14992
-0.321236	1.13483
-0.477022	1.02284
-0.463867	0.548078
-0.505025	0.482785
-0.630614	0.392653
-0.719625	0.200074
-0.647509	0.200525
-0.821371	0.200311
-0.955854	0.0309563
-1.13024	-0.105841
-1.11727	-0.235183
-1.11495	-0.263719
-1.1247	-0.228106
-1.13048	-0.119944
-1.04958	-0.0471162
-0.991707	0.0931346
-0.876916	0.292152
-0.740171	0.53972
-0.681358	0.745196
-0.542666	0.787039
-0.315709	0.990553
-0.0811069	1.06252
0.133898	1.04577
0.399952	0.86814
0.452509	1.00522
0.364686	1.03988
0.356892	1.04875
0.0253348	1.11791
-0.346754	1.09348
-0.531825	1.02793
-0.746269	0.951786
-0.787021	0.674759
-0.723366	0.45453
-0.714779	0.285118
-0.67433	0.0714145
-0.453042	-0.182098
-0.392662	-0.228782
-0.352291	0.0531122
-0.54045	0.0197142
-0.643925	0.0226307
-0.530941	-0.0268066
-0.447475	0.0255119
-0.176507	-0.238448
-0.394465	-0.166344
-0.575529	0.077883
-0.514694	0.164239
-0.463247	0.331259
-0.44957	0.442696
-0.359457	0.421949
-0.372347	0.552189
-0.271702	0.478387
-0.285458	0.517178
-0.2367	0.37898
-0.405519	0.453535
-0.693478	0.573452
-0.630087	0.549093
-0.66653	0.64857
-0.509509	0.497252
-0.362706	0.434184
-0.305047	0.481501
-0.183619	0.480085
-0.00984313	0.412102
-0.0912308	0.191526
-0.290667	0.221515
-0.138873	0.110329
-0.479671	0.158397
-0.379033	0.153843
-0.34173	-0.0915042
-0.496421	-0.034556
-0.818821	0.069584
-0.906936	0.0709889
