0.964674	-0.384905
0.999623	-0.188168
1.00039	-0.153301
0.901843	0.107111
0.791254	0.146225
0.771844	0.0390005
0.854458	-0.0828005
0.931579	-0.23006
0.76831	0.0307632
0.863012	0.0851237
0.862912	-0.020911
0.78932	-0.0576578
0.750264	-0.216359
0.493317	0.319041
0.597742	-0.0985092
1.11779	-0.532135
0.995569	-0.70029
1.15216	-0.557044
0.679316	-0.262557
0.249719	-0.480331
0.183231	-0.456711
1.03507	-1.0503
1.32667	-1.25486
1.34712	-1.09966
1.48945	-1.21527
1.82078	-1.6767
2.25422	-2.21965
2.64682	-2.68169
2.09971	-2.21389
1.68954	-1.88266
2.25334	-2.62816
2.31286	-2.35204
2.29314	-2.17946
2.16125	-1.85065
2.15779	-1.85949
1.97367	-1.50483
1.87741	-1.37303
1.9785	-1.62599
2.0972	-1.82118
2.01662	-1.70768
2.62189	-2.69414
2.84006	-3.37427
2.38451	-2.99672
2.22354	-2.79263
1.97225	-2.41052
1.90449	-2.39218
2.19539	-2.81128
2.23572	-2.82534
2.04808	-2.52286
1.89141	-2.29539
1.58462	-1.75896
1.74559	-1.63922
1.4554	-0.995063
1.39382	-0.950426
0.902621	-0.8941
1.27147	-0.840891
1.80345	-1.56393
1.63646	-1.35559
1.87672	-1.73304
1.85916	-1.728
1.72396	-1.55058
1.67388	-1.54783
1.56713	-1.46702
0.890835	-0.568137
-0.0777388	0.0680122
-0.595927	0.171417
-0.438478	0.0196337
-0.23244	0.121009
-0.284019	-0.169611
-0.0985743	-0.136142
-0.073772	0.00717436
-0.0605749	-0.0728107
-0.179364	-0.148693
-0.0436353	-0.333648
0.552702	-0.825023
1.48977	-1.86534
2.16315	-2.67418
2.06202	-2.05526
1.79383	-1.43967
2.37046	-2.21249
2.37419	-2.30667
2.53227	-2.44561
2.4941	-2.42759
2.28208	-2.16003
2.38433	-2.21824
2.71819	-2.72951
1.63907	-1.56651
1.26832	-1.40467
1.16463	-1.41223
0.979735	-1.26999
0.919581	-1.30068
1.10772	-1.68241
1.11758	-1.68559
1.27425	-1.669
1.51868	-1.82902
1.06863	-1.18182
0.0641448	-0.182101
-0.191783	-0.0862948
-0.337563	0.0425895
-0.466067	0.0852552
-0.523781	0.031516
-0.425392	-0.308727
-0.389489	-0.169338
-0.0542427	-0.343706
0.13038	-0.29091
1.32532	-1.24893
1.43644	-1.18437
1.6024	-1.36635
1.81932	-1.60675
1.39646	-0.837743
0.768982	-0.67673
0.0396019	-0.305531
-0.160918	-0.305843
-0.530031	-0.263234
-0.556844	0.0526148
-0.266578	0.0846545
-0.247115	-0.164184
0.0385455	-0.263392
-0.0379262	-0.394949
-0.166131	-0.707023
0.156337	-0.978894
0.0980254	-1.14555
0.061009	-1.19541
0.0397291	-1.30095
0.4267	-1.49079
0.641883	-1.6198
1.58029	-2.20181
1.74388	-1.35497
2.20707	-1.92843
2.72714	-2.77544
2.87667	-3.01791
2.526	-2.51685
2.6017	-2.65812
2.61499	-2.57999
2.14965	-2.02918
0.824947	-1.047
0.0252613	-0.869118
-0.232389	-0.816706
-0.334453	-0.806956
-0.40124	-0.81435
-0.471538	-0.806749
-0.555717	-0.849055
-0.53073	-0.89516
-0.570774	-1.00231
-0.667273	-0.781133
-0.390408	-0.799519
0.0670581	-0.800405
0.0971763	-0.539733
0.387621	-0.46312
0.370997	-0.408583
0.602286	-0.31657
0.709518	-0.316483
0.607443	0.079517
0.744556	0.235308
0.689927	0.257983
0.464618	-0.0128827
0.790919	0.381035
1.07439	0.74713
0.824857	0.532439
0.945689	0.65023
1.02472	0.702688
0.908965	0.658871
1.05958	0.601088
0.869646	0.451482
0.790816	0.258939
0.837833	0.26863
0.802458	0.00533831
0.88498	0.34388
0.842085	0.0308213
0.6786	-0.180435
1.00914	0.0794513
1.00533	-0.46578
1.0121	-0.492564
1.14304	-0.178151
0.908645	-0.289245
0.770389	-0.248315
0.954199	-0.130699
0.837743	-0.156932
0.866	-0.313807
0.775515	-0.697236
0.682754	-0.507736
0.685723	-0.682749
1.22176	-0.985536
1.37479	-1.16215
0.987888	-0.663302
1.05127	-0.805089
1.70141	-1.50914
1.42577	-1.77433
1.70278	-2.22459
1.94752	-2.26672
1.99741	-2.13212
1.86756	-1.81895
1.83861	-1.83883
1.75728	-1.86811
1.41784	-1.4724
1.1097	-1.32699
0.881928	-1.27828
0.579366	-1.08394
0.296197	-1.02205
0.104969	-0.989921
0.0385897	-0.9909
0.0754996	-0.991549
0.276387	-1.11893
0.694645	-1.31466
0.70578	-1.12357
0.535686	-0.468758
0.622368	-0.959714
0.736891	-0.950602
0.972215	-1.05159
1.25348	-1.3076
1.3822	-1.38747
1.65285	-1.5994
1.90159	-1.8651
2.01551	-1.96045
1.80894	-1.70085
1.62803	-1.47916
1.57142	-1.50128
1.71231	-1.82717
1.88229	-2.18669
1.46901	-1.69124
1.39327	-1.70016
1.43962	-1.93086
1.14718	-1.58307
0.980677	-1.39171
1.05132	-1.37542
1.08998	-1.42987
0.898019	-1.26589
0.755713	-1.30208
0.988654	-1.48947
0.932678	-1.36658
1.07565	-1.37373
0.874687	-1.15446
0.852093	-1.1618
0.763799	-0.815904
0.743634	-0.683642
0.844986	-0.84917
0.676261	-0.146566
1.01852	-0.506462
0.824782	-0.252945
1.07936	-0.410246
0.93433	-0.0560825
0.942271	-0.105326
1.10751	-0.444053
1.09591	-0.426846
1.06333	-0.486354
1.00568	-0.140592
0.954152	-0.366294
1.02603	-0.409454
0.95142	-0.1558
0.715124	0.206604
0.100689	0.130683
-0.179028	-0.35719
0.110993	-0.315708
0.313945	-0.330457
0.475422	0.206777
0.304445	0.0367997
0.0802745	-0.421204
0.479546	-0.674962
1.75298	-1.88725
1.73075	-1.61446
1.75238	-1.25369
1.93583	-1.13031
2.22749	-1.34125
2.38411	-1.97351
1.83012	-1.68532
1.94908	-1.77921
1.96922	-1.81409
1.61603	-1.392
1.94899	-1.88637
1.47898	-1.27278
1.77714	-1.58965
1.8563	-1.70168
1.8254	-1.74946
1.6955	-1.25134
1.58234	-1.12367
2.28579	-2.47554
2.39913	-3.02118
2.28668	-2.89126
2.94072	-3.88929
2.61845	-3.41933
1.86595	-1.9827
3.10727	-3.87914
2.83336	-3.30738
2.39446	-2.56537
2.58204	-2.91013
2.41903	-2.62016
2.60154	-2.9506
2.87032	-3.36624
2.92508	-3.31342
2.89394	-3.09528
2.50563	-2.73116
2.68957	-3.27852
2.18616	-2.49589
2.19732	-2.45898
2.47911	-2.75953
2.45119	-2.76981
2.52259	-2.81401
2.25327	-2.47234
2.38943	-2.51969
2.1031	-1.92098
1.56808	-1.30791
1.25128	-1.13949
1.09135	-0.714487
1.13513	-0.821823
1.1461	-0.721431
1.05858	-0.501588
0.989984	-0.525005
0.954353	-0.555972
1.20522	-1.11127
1.51439	-1.61656
1.49119	-1.4766
1.37103	-1.28169
1.3968	-1.32304
1.34378	-1.24436
1.25222	-1.2173
1.01911	-1.02224
0.809257	-0.908397
0.984482	-1.26065
0.619903	-1.04045
1.40403	-1.43844
1.6311	-1.52526
1.73121	-1.30694
1.75673	-1.3843
2.41542	-1.98661
1.80167	-1.71743
1.81306	-1.76339
2.36158	-2.197
2.35569	-2.22604
2.53002	-2.57894
2.36633	-2.01443
1.36554	-1.14768
0.346463	-0.956953
-0.201754	-0.867158
-0.451609	-0.674522
-0.444981	-0.672728
-0.531479	-0.710145
-0.195009	-0.933454
0.0752207	-1.03107
-0.000681726	-0.515508
0.150917	-0.31076
0.507039	-0.613356
0.561934	-0.359667
0.448162	-0.182407
0.478395	-0.348578
0.618213	-0.124719
0.611181	-0.0807772
0.855241	-0.154995
0.657462	-0.072855
0.631851	0.0210416
1.49036	0.707916
1.34242	0.332504
0.679023	-0.308973
0.764287	-0.411349
0.75591	-0.309677
0.712776	-0.256371
0.473907	-0.0430304
0.780816	-0.440136
0.720839	-0.0665687
0.587844	0.0527699
0.0327787	-0.165121
-0.126814	-0.393327
-0.343529	-0.437879
-0.719199	-0.521961
-0.730163	-0.452102
-0.748457	-0.783193
-0.382605	-1.27996
0.340809	-1.56315
0.888786	-1.78913
1.60894	-2.259
1.92667	-2.0903
2.48097	-2.3674
2.62622	-2.08699
2.54183	-1.75434
2.64102	-2.43542
1.49952	-1.31769
1.52467	-1.16675
1.88699	-1.60287
2.07397	-1.98067
1.92604	-1.81135
1.75789	-1.61614
1.69829	-1.30564
2.59039	-2.45192
2.48718	-1.9945
1.58418	-1.29107
1.32523	-1.23846
2.07243	-2.55189
2.10975	-2.77954
1.50472	-1.76838
2.09167	-2.27589
2.30805	-2.34997
2.33501	-2.19771
2.34719	-2.18705
2.43501	-2.34255
2.39654	-2.29893
2.44463	-2.46657
2.37303	-2.40612
2.15816	-2.08034
2.20998	-2.19386
2.65024	-2.96657
2.26782	-2.52398
2.41271	-2.79696
2.25753	-2.52175
2.01059	-1.83826
2.41136	-2.36877
1.44963	-0.977227
0.478302	-0.32494
0.847239	-0.0981035
0.447392	-0.093281
0.474068	0.137744
0.447596	0.00374528
0.574954	0.0694993
0.831051	0.274423
1.15403	0.751645
1.28152	0.738098
0.937608	0.320366
0.436564	-0.247006
0.173328	-1.16689
0.273618	-1.33265
0.315514	-1.59193
0.121665	-1.2798
0.729358	-0.820862
0.899802	-0.802569
0.754467	-0.504723
1.00586	-0.36499
1.44902	-0.570908
1.37348	-0.318789
1.23325	-0.072806
1.94326	-0.995685
1.52045	-0.585496
1.65992	-1.10099
1.90562	-1.24582
2.0577	-1.52939
1.66666	-0.997848
1.67537	-1.07235
1.58461	-0.996995
1.46005	-0.805287
1.5016	-0.879102
1.56737	-0.98838
1.67446	-1.04355
1.84503	-1.34445
1.99708	-1.59678
1.86284	-1.47488
1.96153	-1.90136
2.07451	-2.35049
2.09154	-2.36223
2.37677	-2.78078
2.18396	-2.41906
1.86673	-1.72424
1.63953	-1.22417
2.14785	-1.93514
1.95839	-1.49876
1.50284	-0.837929
1.69311	-1.08961
1.99224	-1.59143
1.64395	-1.07449
1.26433	-0.737176
1.12641	-0.691548
0.925116	-0.144471
1.03018	-0.295177
1.10638	-0.461695
1.17212	-0.290495
1.10588	-0.399676
1.31516	-0.651308
1.15827	-0.570489
0.918299	-0.230028
1.1525	-0.349575
1.54759	-0.354897
1.64398	-0.711183
1.68561	-1.17075
1.05572	-0.419105
1.30542	-0.752769
1.47693	-1.19695
1.46066	-0.73038
1.35318	-0.920358
1.39064	-0.889225
1.31836	-0.860062
1.33539	-0.905887
0.944033	-0.30684
1.04886	-0.375897
0.884003	-0.315948
0.897944	-0.331239
0.720662	0.0793941
0.929369	0.0220272
0.795531	-0.047757
0.666923	-0.112319
0.740035	-0.303161
0.697701	-0.0136915
0.63834	0.0757392
0.585114	0.107769
0.645244	0.320034
0.748815	0.274889
-0.0713195	-0.299636
-0.580113	-0.563445
-0.605949	-0.545686
-0.530924	-0.636979
-0.289598	-0.722922
0.111474	-0.846241
0.588924	-0.975875
0.963189	-1.32009
1.13703	-1.38325
1.27707	-1.31838
1.57783	-1.46678
1.81456	-1.7417
1.74825	-1.63154
1.63231	-1.57403
1.71025	-1.73792
1.40561	-1.698
1.29856	-1.29943
1.20565	-0.912077
1.18174	-1.06039
1.08084	-0.985148
1.21776	-1.08818
1.24539	-1.12732
1.01011	-0.631965
1.2631	-0.998939
0.804354	-0.456631
1.07887	-1.28377
1.47913	-1.93317
1.28729	-1.69268
1.08118	-1.48569
0.961321	-1.36518
1.02488	-1.5131
0.982357	-1.44568
1.03997	-1.40194
1.0246	-1.22065
1.15918	-1.32332
1.30902	-1.32319
1.73082	-1.53681
1.90594	-1.4739
2.25644	-2.15305
2.30648	-2.26977
2.14374	-2.10099
1.88747	-1.68849
1.85826	-1.75272
1.74314	-1.56669
1.53919	-1.29773
2.24279	-2.35585
2.7157	-3.35581
2.43831	-2.92309
2.24866	-2.4876
2.34739	-2.44014
1.63714	-1.7221
0.759065	-0.844086
-0.0872277	-0.507702
0.178248	-0.353526
0.573311	0.151759
0.884522	0.292667
1.52387	1.01088
1.054	0.498449
1.47743	1.19819
1.61832	1.34455
1.66994	1.37896
1.38783	1.07235
1.22508	0.850889
0.955624	0.596322
1.02383	0.709136
1.14542	0.942397
0.989825	0.455765
1.10991	0.532368
0.494167	-0.155929
1.04167	-0.93927
1.08759	-0.961092
0.835953	-0.53373
0.500173	0.211421
0.648343	0.200449
0.619584	0.0736494
0.780607	0.0588545
0.760984	-0.172029
0.794139	-0.166749
0.71423	-0.392196
0.877858	-0.644368
0.954449	-0.668856
0.6751	-0.320384
1.06849	-0.639778
1.28339	-0.543462
1.18812	-0.317308
1.00207	-0.878772
1.73104	-1.36085
1.87269	-1.47598
2.19783	-1.9504
1.89027	-1.50754
1.89353	-1.49181
1.77971	-1.3391
1.70828	-1.31304
1.52201	-1.22903
1.37363	-1.24587
1.30053	-1.26288
1.53527	-1.57295
1.77672	-1.84335
1.84598	-1.78257
1.36919	-1.21774
1.39637	-1.32609
1.55347	-1.56418
0.688469	-1.26856
0.596456	-1.66433
0.434678	-1.57425
0.486809	-1.56096
0.616334	-1.56021
0.828003	-1.54902
1.05027	-1.44238
1.28634	-1.22111
1.67103	-1.35393
2.0644	-1.85354
2.04956	-1.86559
1.81388	-1.66204
1.78827	-1.79215
1.99924	-2.24327
1.91466	-2.08841
2.20045	-2.46946
2.90381	-3.2843
3.12948	-3.19616
2.22536	-1.96874
1.49734	-1.32423
1.19224	-0.889068
0.981811	-0.51184
0.940596	-0.452676
0.775953	-0.135469
0.520919	-0.135619
0.925841	-0.401015
1.37298	-1.10387
2.92645	-3.56062
2.3775	-2.63527
2.05697	-2.37737
1.75183	-1.96815
2.49348	-3.21879
2.27022	-2.81965
2.26848	-2.69631
1.74494	-1.87721
1.56618	-1.68294
1.70563	-1.99844
1.49279	-1.75844
1.50426	-1.64014
0.785677	-0.834257
0.334446	-0.546297
0.450142	-0.742349
0.430765	-0.735086
0.377188	-0.786015
0.487209	-1.00544
0.61866	-1.25088
1.19671	-1.77734
1.21774	-1.91965
1.52506	-2.42544
1.65976	-2.68086
1.6994	-2.6899
1.49786	-2.16413
1.71558	-2.40131
1.88375	-2.53038
1.66115	-2.08208
1.68895	-2.19314
1.53332	-1.98472
1.24244	-1.54957
1.19322	-1.44431
1.19198	-1.36269
1.32428	-1.50701
1.27963	-1.35477
1.48729	-1.597
1.50413	-1.51398
2.1641	-2.39189
2.25222	-2.28863
2.38238	-2.76014
1.97547	-2.34807
2.06114	-2.34243
2.24583	-2.65687
2.18426	-2.59833
2.10151	-2.45673
2.29594	-2.59189
2.01696	-2.16683
2.26971	-2.38976
2.14285	-1.95179
2.31307	-2.11511
2.45569	-2.34753
1.98506	-1.60341
2.44387	-2.16596
2.83019	-2.77614
3.09595	-3.5293
2.39779	-2.72479
2.41225	-2.93765
1.93021	-2.14178
1.65476	-1.60883
1.5215	-1.15317
1.47844	-0.817214
1.55475	-0.821298
1.58178	-0.773768
1.68129	-0.904989
1.68924	-0.830403
1.81521	-0.969876
1.93875	-1.16576
1.65301	-0.678797
2.10225	-1.20821
2.38929	-1.58266
2.40868	-1.77472
2.47913	-2.18416
1.63074	-1.18
1.59435	-1.27249
1.44541	-1.2096
1.42735	-1.36388
1.34567	-1.24738
1.46462	-1.5745
1.40301	-1.42961
1.53611	-1.4459
1.30973	-1.31276
1.27541	-0.912598
1.31502	-0.976547
0.891371	-0.341509
0.885297	-0.197885
0.738678	-0.158179
0.922226	-0.37562
1.80137	-1.17834
2.02171	-1.58945
1.51052	-1.01646
1.24345	-0.514097
1.3612	-0.501984
1.43452	-0.857551
1.29092	-0.626173
1.30276	-0.844752
1.29128	-0.626357
1.27333	-0.672877
0.975333	-0.568001
0.993015	-0.337152
1.14259	-0.469713
1.03814	-0.518067
0.772155	0.0788391
0.860348	0.259193
0.715587	0.219467
1.03027	-0.142886
0.697381	-0.0035082
0.744752	-0.0531193
0.946939	-0.228565
1.08814	-0.388356
0.792351	-0.257933
0.535808	-0.587482
1.44732	-1.43025
1.55062	-1.43544
1.44895	-1.42773
1.29304	-1.04563
1.21422	-0.78267
1.14551	-0.692867
0.991609	-0.429292
1.05719	-0.38078
1.22651	-0.61921
1.05435	-0.568195
1.15473	-0.611114
0.709471	-0.608738
1.42991	-1.21043
1.24093	-1.05247
0.790478	-0.491619
0.917498	-0.600426
1.09569	-0.32961
1.13594	-0.852271
1.24338	-0.619642
1.52362	-0.730374
1.69173	-0.658977
1.44776	-0.462968
1.32018	-0.450343
1.32583	-0.585068
1.74872	-1.21946
1.90536	-1.27578
2.40437	-2.10189
1.35103	-0.673202
0.886693	-0.250274
1.31252	-0.429786
1.3708	-0.643827
1.36299	-0.652003
1.23463	-0.48691
2.6382	-2.19804
1.74915	-0.936818
1.67371	-0.760062
0.954132	0.194625
1.05656	-0.0509999
1.78252	-0.459269
1.67351	-0.918516
2.07334	-1.81677
2.22847	-1.95498
2.46689	-2.11276
2.17832	-1.89266
2.41809	-2.14048
1.92884	-1.22823
1.47194	-0.323259
1.73578	-0.69201
1.70412	-0.815775
1.7308	-1.17117
1.91375	-1.66654
2.18643	-2.02016
2.52952	-2.81182
2.42781	-2.71539
2.29768	-2.54308
2.50118	-2.95685
2.38131	-2.83349
2.37163	-2.90943
2.25929	-2.59623
2.14483	-2.36473
1.41513	-1.49848
0.409953	-0.494744
0.720574	-0.0106842
0.454811	0.0207558
0.806275	0.051652
1.17852	0.15459
1.34761	0.43779
1.34375	0.152743
1.23385	0.396452
1.05285	0.344338
1.13981	0.429468
1.24205	-0.105531
1.43094	-1.0064
1.99234	-1.54326
2.46152	-2.09901
2.09065	-1.70901
1.93048	-1.4322
1.6272	-0.956991
1.85269	-1.29143
1.58007	-0.811485
1.59609	-0.780053
1.36713	-0.489295
1.41403	-0.638968
1.53797	-0.704162
1.70083	-0.909097
1.3658	-0.484355
1.58773	-0.394379
1.40449	-0.441104
1.62219	-0.786427
1.49153	-0.436219
1.51574	-1.17321
1.15127	-0.855268
0.90393	-0.526982
0.926791	-0.327748
0.875261	-0.474876
0.835445	-0.436325
0.916063	-0.505751
0.92288	-0.0687119
1.04928	0.237689
1.09273	0.431984
1.13749	0.745966
1.35835	0.824029
1.1837	0.282609
1.2832	0.276265
1.51157	0.831558
1.23244	0.257227
1.03165	0.18334
1.48826	-0.81781
2.09536	-0.986547
2.05335	-1.16306
2.07278	-1.32989
1.7318	-0.81395
1.48909	-0.452675
1.79149	-0.75733
1.78504	-0.752149
1.9692	-0.910405
1.72346	-1.07168
2.29532	-2.3031
2.42394	-2.4731
2.52715	-2.59048
2.49337	-2.65065
2.46203	-2.55988
2.23038	-2.13935
1.77161	-1.45881
1.21596	-1.15536
0.892061	-1.14111
0.657925	-1.05987
0.502248	-0.939934
0.56859	-1.05298
0.717592	-1.21702
0.942744	-1.48192
1.26567	-1.72572
1.5102	-1.97557
1.09758	-1.35137
0.386208	-0.721191
-0.117277	-0.320308
0.109198	-0.486389
-0.00453018	-0.351685
0.118517	-0.429334
0.476573	-0.574313
0.442071	-0.561315
0.399402	-0.352303
0.576013	-0.357514
0.575938	-0.348344
0.714731	-0.812904
1.43962	-1.54521
1.96888	-2.00772
1.7866	-1.76116
1.80198	-1.71523
1.61467	-1.48782
1.73036	-1.6708
1.56663	-1.42192
1.58876	-1.45762
1.66298	-1.42473
1.77575	-1.58637
1.86662	-1.74262
1.97255	-1.96175
1.82147	-1.81607
1.82663	-1.83707
1.67816	-1.76496
1.46933	-1.51948
1.42668	-1.66663
1.2403	-1.41782
1.23953	-1.27392
1.26523	-1.19965
1.38967	-1.16939
1.65967	-1.30985
1.99195	-1.50421
1.78531	-0.980061
1.88679	-0.685152
1.56035	-0.213204
1.77825	-0.588851
2.09323	-1.08245
1.47745	-0.325766
1.36103	-0.132946
1.54001	-0.332739
1.44727	-0.145401
1.53959	-0.420133
1.66557	-0.449564
1.50733	-0.326378
1.55069	-0.506817
1.39871	-0.361537
1.53627	-0.58439
1.41516	-0.535807
1.39016	-0.684287
1.13724	-0.462749
1.03926	-0.561276
0.891746	-0.677177
0.723066	-0.741888
0.592506	-0.876402
0.805122	-1.07334
1.13293	-1.15546
1.10097	-1.04869
1.50038	-1.58373
1.90209	-2.17863
1.22289	-1.19306
1.26774	-1.12266
1.60589	-1.62649
1.54853	-1.23617
1.08713	-0.704267
0.987187	-0.547465
1.23394	-1.20387
0.861647	-0.730359
0.671868	0.117076
0.605533	0.409677
0.687944	0.602695
0.801466	0.774377
0.87337	0.746375
0.925427	0.528344
1.09462	0.759294
0.95019	0.584994
0.857179	0.456048
0.842027	0.667236
0.827343	0.218326
0.708884	-0.227383
0.799844	-0.590702
0.855408	-0.700402
1.03162	-0.946379
1.11612	-1.00243
0.784822	-0.442035
1.14125	-0.806562
0.70015	-0.262622
0.810462	-0.890389
1.80498	-1.92154
1.98599	-2.15277
1.90347	-2.07553
1.93755	-2.11058
1.76761	-1.89924
1.92854	-2.04004
2.2259	-2.54895
2.44918	-2.91329
2.54245	-3.09179
1.23765	-1.38184
1.78107	-1.87758
2.27987	-2.90375
2.2354	-2.90101
1.50197	-1.79533
1.84363	-2.35111
1.96956	-2.71012
1.69427	-2.32839
2.00833	-2.84187
1.49941	-2.34551
0.685928	-1.7369
0.203946	-1.44527
-0.0107785	-1.25408
-0.0285904	-1.23257
-0.112087	-1.13447
-0.0250398	-1.13782
0.0967854	-1.10171
0.460675	-1.18209
1.02574	-1.49905
1.48891	-1.64671
1.91584	-1.98126
1.62608	-1.29187
1.48828	-0.944918
1.49366	-0.940318
1.39199	-0.972802
1.85657	-1.81744
2.0839	-2.05779
1.50925	-1.50027
0.886559	-0.981682
0.627585	-0.431434
0.90457	0.304578
0.937582	0.378731
0.912966	0.477624
1.33614	1.09772
1.06781	0.955584
0.722785	0.647991
0.32844	0.130083
-0.188545	-0.0641684
0.0469514	-0.203663
0.0526229	-0.426634
0.553371	-0.661193
0.382853	-0.26029
0.433985	-0.519329
1.11674	-0.178969
1.07088	-0.23797
0.643319	-0.294263
0.669786	-0.0707374
0.833539	-0.225351
0.866794	-0.294649
0.569871	0.078949
0.719315	-0.132446
0.922501	-0.111602
0.731839	0.0475583
0.888549	0.0364862
0.220356	-0.492818
-0.0526967	-0.888761
-0.234515	-1.05633
0.0642784	-0.974956
-0.0666718	-0.687805
-0.289777	-0.471062
-0.222097	-0.351128
-0.173582	-0.400031
0.0331721	-0.623462
0.0600558	-0.436421
0.0239767	-0.711794
0.284451	-0.557848
0.887361	-1.0779
1.29433	-1.43485
1.39238	-1.45017
1.68725	-1.67452
1.76481	-1.63989
1.72174	-1.45427
1.80261	-1.50092
1.71933	-1.36443
1.61838	-1.22176
1.48088	-1.00637
1.42502	-0.917616
1.35941	-0.900627
2.23303	-2.45212
2.16927	-2.44909
2.05654	-2.25754
2.25128	-2.44928
1.9699	-1.86786
1.99498	-1.79791
1.77089	-1.3419
1.6531	-1.08682
1.58581	-0.977147
1.29111	-0.632892
1.28497	-0.710335
1.41703	-1.03786
1.62237	-1.45765
1.97059	-2.18842
2.03072	-2.35119
2.08014	-2.55321
2.26488	-2.74614
2.0363	-2.37974
2.23488	-2.61136
1.86384	-2.07221
0.447746	-0.963356
0.0500733	-0.901315
-0.196233	-0.59559
-0.386845	-0.534601
-0.360815	-0.55234
-0.388262	-0.654865
-0.433548	-0.780324
-0.426166	-0.82659
-0.248697	-0.814669
-0.0158053	-0.78993
0.279229	-0.780701
0.613386	-0.773139
1.07424	-0.976455
1.5965	-1.45252
2.09761	-1.99666
2.33865	-2.1106
2.47605	-2.07756
2.5516	-2.03823
2.52181	-1.6663
2.82322	-1.90483
1.96076	-0.556501
2.68091	-1.57174
2.41844	-1.48666
2.15026	-1.39719
1.49598	-0.620129
1.88078	-1.33871
2.18287	-1.93352
1.79617	-1.35978
1.6305	-1.19539
1.03206	-0.573778
1.26955	-0.731293
1.09556	-0.630894
1.33233	-0.79779
1.16897	-0.572846
1.14853	-0.383101
1.23944	-0.40339
1.0792	-0.267824
0.866381	-0.216611
0.991037	-0.146231
1.15566	-0.181039
0.926526	-0.225704
1.10405	-0.339822
1.06465	-0.0990302
0.963655	-0.0999655
1.07923	-0.31125
0.85075	-0.0609224
1.06775	-0.138048
0.722746	0.0156573
0.865735	0.0403347
1.35188	-0.901983
1.92458	-1.3898
1.26086	-0.988344
1.06611	-0.728997
1.54678	-1.11077
1.08009	-0.711853
1.09301	-0.778022
1.0101	-0.581893
1.45969	-0.772311
1.58479	-0.824647
2.2688	-1.28774
2.01816	-1.01097
1.63669	-1.006
2.12473	-1.38603
2.16747	-1.65719
2.82484	-2.98385
3.01111	-3.31104
2.20694	-2.46069
2.59946	-3.2571
2.40802	-3.11566
2.5808	-3.28305
1.35485	-1.33778
1.19974	-1.16009
1.07125	-0.901206
1.00186	-0.765316
0.971652	-0.79646
0.898008	-0.742602
0.794054	-0.688239
0.776696	-0.849615
0.767192	-1.06755
0.670175	-1.18031
0.654991	-1.395
0.885421	-1.72564
1.08827	-1.63017
1.10241	-1.34501
0.831132	-1.25171
0.865154	-1.21745
1.10996	-1.29848
0.997927	-1.33464
0.800364	-1.23277
0.874492	-1.33753
1.48212	-1.65755
1.35351	-1.61606
1.19536	-1.24009
0.925444	-1.07598
1.4603	-1.90678
1.95736	-2.769
1.69654	-2.17082
1.79494	-2.21733
1.92489	-2.25735
2.28768	-2.69844
1.32465	-1.43054
1.05088	-1.19414
0.742899	-1.09211
0.767921	-1.05206
0.623209	-0.9303
0.641074	-0.750142
0.875658	-0.993093
0.982367	-0.863246
1.87849	-1.88149
2.17178	-2.12902
2.78425	-3.01991
3.115	-3.2774
2.4817	-2.44771
2.73545	-2.66416
2.39953	-1.84076
0.724434	-0.307692
0.801002	-0.427579
0.862702	0.117362
0.598002	-0.0151222
0.821117	-0.071073
1.05911	0.128924
1.03392	0.356257
1.01711	0.285448
0.961965	0.589877
0.95085	0.123805
0.873805	-0.541839
2.30983	-1.47137
2.22917	-1.11096
1.91949	-0.77738
2.0663	-1.04038
1.74321	-0.496723
1.85197	-0.462463
1.6453	-0.122952
1.39818	0.202885
1.49218	-0.0505693
2.07421	-1.24296
2.37632	-1.97292
2.43986	-2.06213
2.29872	-1.80703
2.16365	-1.62309
2.17122	-1.59094
1.64928	-0.814665
1.55073	-0.701453
1.4659	-0.479389
1.34394	-0.469939
1.2035	-0.39819
1.45382	-0.873998
1.88468	-1.69618
2.26816	-2.34736
2.44525	-2.58329
2.38757	-2.47983
3.13396	-3.70852
3.28299	-3.8301
3.38687	-3.58087
2.59391	-2.08325
2.15877	-2.25381
1.69892	-1.81364
1.47958	-0.833902
0.821521	0.186227
-0.0399327	-0.237649
0.0199261	-0.0199864
0.560582	-0.388467
0.963705	-0.701759
1.28811	-0.812101
1.29938	-0.588939
2.0757	-1.35252
2.9002	-2.5278
2.57367	-2.32076
2.35546	-2.02732
1.97531	-1.52676
1.72948	-1.05502
1.55532	-0.745519
1.53376	-0.748301
1.49799	-0.746168
1.39075	-0.709084
1.25776	-0.645916
1.17845	-0.743831
1.17945	-0.990427
1.19706	-1.21914
1.06731	-1.02921
1.81713	-1.98938
2.03338	-2.38326
1.87523	-2.28568
1.75689	-1.9939
1.62648	-1.79128
1.54105	-1.62296
1.11349	-0.856907
1.28223	-1.07546
1.35386	-0.998774
1.21318	-0.895137
1.22741	-0.894501
0.387334	-0.114089
0.367059	0.10726
0.586009	0.451869
0.728514	0.51217
0.770037	0.577878
0.996505	0.656721
0.963307	0.665606
0.983176	0.457861
1.06023	0.342564
0.802046	0.100891
0.717349	-0.48282
0.557849	-0.655371
0.503865	-0.7134
0.732083	-0.265621
0.767043	0.00656088
0.812023	-0.0150417
0.752088	-0.254152
0.755901	-0.045259
0.675722	0.0147025
0.467354	0.0469279
0.544522	0.233065
1.30535	-0.331155
1.67898	-0.893484
1.44973	-0.557891
1.23151	-0.46735
1.14025	-0.355269
1.49327	-0.745267
1.29872	-0.543744
0.889918	-0.276374
0.747743	-0.787983
0.444556	-0.755309
1.01538	-0.94253
1.48911	-1.19297
1.39358	-1.277
1.71726	-1.73057
1.94484	-2.17094
1.2926	-1.13763
1.71815	-1.66128
0.616396	-1.0445
-0.0942362	-1.0619
-0.155111	-1.01304
0.561429	-1.0978
1.81887	-2.14334
1.76866	-2.04214
1.72591	-1.9669
0.471325	-1.00414
-0.241434	-1.01648
-0.408018	-1.00729
-0.469166	-1.06063
-0.403966	-1.09876
-0.324737	-1.18554
-0.219818	-1.28469
0.191399	-1.37154
0.82323	-1.42788
1.52875	-1.61294
1.61575	-1.39506
0.82471	-0.281429
1.1163	-0.535171
1.82139	-1.42822
1.85687	-1.49961
1.92731	-1.48741
2.22461	-1.82795
1.98966	-1.37351
1.92906	-1.16144
1.91151	-1.02419
1.973	-1.04752
2.12323	-1.1802
2.09698	-1.18778
1.99888	-1.15552
1.84511	-0.948919
1.65983	-0.619445
1.60374	-0.859438
1.64385	-1.26364
1.86574	-1.68181
2.11796	-2.22904
1.78638	-1.69073
1.57017	-1.48332
1.61959	-1.485
1.31634	-0.958124
1.47054	-0.522016
1.62884	-0.741597
1.32555	-0.277753
1.55261	-0.77761
1.44246	-0.489141
1.36447	-0.21687
1.44488	-0.660773
1.16798	-0.259809
1.03282	-0.30567
1.24315	-0.276694
1.73188	-1.11575
1.40923	-0.716166
1.35194	-0.758462
1.37338	-1.08246
1.2839	-1.1204
0.997562	-0.761358
0.200932	-0.25969
0.481562	-0.211259
0.858908	0.2631
0.865527	0.130329
1.06787	0.788849
0.899008	0.462429
0.808074	0.438182
0.869754	0.34319
0.895632	0.131792
0.742233	0.203667
0.862838	-0.223408
0.855612	-0.262326
0.731588	-0.0898232
0.666441	-0.138258
1.32486	0.377675
1.07824	-0.0459763
1.30049	-0.624195
1.12379	-0.250993
1.03487	-0.359793
0.991239	-0.345168
1.1585	-0.551369
1.11606	-0.671889
1.08692	-0.752489
1.10572	-0.86369
1.44914	-0.571397
1.59688	-1.03475
1.67235	-1.08296
1.6477	-1.26287
0.983299	-0.555344
0.838012	-0.555998
1.16372	-1.004
0.537268	-0.871413
0.760807	-0.905826
1.34992	-1.57286
1.12558	-1.44786
0.768251	-1.17605
0.842159	-1.0818
1.26917	-1.16508
1.36035	-1.02528
1.1218	-0.448419
1.2969	-0.445948
1.1757	-0.112094
1.23521	0.0480398
1.5778	-0.361853
1.41251	-0.254321
1.42568	-0.376989
1.26939	-0.257066
0.909721	0.0636157
0.984942	-0.178663
1.38247	-0.75049
1.53037	-0.944492
1.40736	-0.775658
1.52473	-0.852117
1.58066	-0.884153
1.57982	-0.818821
1.53701	-0.705879
1.61894	-0.765499
1.83812	-1.0189
1.87782	-0.910814
1.95391	-0.901953
1.91785	-0.526138
1.56422	-0.309046
1.59615	-0.436325
1.79027	-0.663608
1.82925	-0.859066
1.90315	-1.10312
1.56137	-0.657825
1.82772	-1.14004
1.43783	-0.800054
1.07517	-0.225582
1.17354	-0.394352
1.14366	-0.152807
1.22215	-0.408362
1.07996	0.1621
0.93109	0.0263881
0.707421	-0.0603971
0.673473	0.167673
0.828022	0.0862389
0.92764	-0.255732
0.728086	-0.182326
0.760238	0.00244006
0.81268	-0.225574
0.909992	-0.136286
0.883115	-0.146626
0.795522	0.0171094
0.960111	-0.165907
0.904253	-1.11772
0.682654	-1.07682
0.77525	-1.1802
1.078	-1.59902
1.51841	-2.21938
1.55267	-2.14089
1.20287	-1.36214
0.80763	-0.849472
0.180292	-0.390112
0.241908	-0.664684
0.4546	-0.538441
0.439979	-0.538531
0.470998	-0.568127
1.30463	-1.32492
1.72082	-1.62225
2.25078	-2.47839
2.09018	-2.25213
1.77334	-1.64872
1.87193	-1.85898
2.54778	-2.86569
2.47426	-2.75537
2.38902	-2.75814
2.23078	-2.46441
1.95386	-1.61969
1.42713	-0.526854
1.27963	-0.377902
1.25955	-0.324933
1.24104	-0.342223
0.968756	-0.0223915
0.716707	0.390569
0.636837	0.471386
0.946694	0.011209
1.71253	-1.08753
1.29006	-0.830381
1.18619	-0.828268
1.09143	-0.775564
1.24347	-1.064
1.32288	-1.22764
1.33688	-1.28524
1.62706	-1.82769
1.80497	-2.13693
2.06574	-2.40806
1.72612	-1.86085
2.01416	-1.92943
2.07909	-1.84849
1.77179	-1.23611
1.37496	-0.770246
1.27009	-0.657278
1.195	-0.560142
1.16706	-0.442437
1.46322	-0.993357
1.66927	-1.35702
1.59741	-1.18784
1.58261	-1.14613
1.42599	-0.975181
1.32742	-0.85211
1.28106	-0.897938
1.27425	-0.943889
1.20983	-0.856024
1.15704	-0.812596
1.16573	-0.850486
1.1774	-0.889027
1.1284	-1.02054
1.13031	-1.03788
1.25787	-1.29455
1.3373	-1.61427
1.73386	-2.09245
1.41638	-1.47266
0.198261	-0.240042
0.331101	-0.331398
0.478646	-0.364885
0.497151	0.237981
0.695337	0.309272
0.701903	0.212055
0.882753	0.358462
0.654998	0.193277
0.612276	0.425669
0.319388	0.11393
0.370336	0.275214
0.657739	0.266126
0.861857	0.751644
0.839151	0.444254
0.68069	0.567721
0.930159	0.53079
0.949377	0.678383
0.896295	0.523833
0.954011	0.638374
1.14887	0.872862
1.1322	0.931831
0.645461	0.321971
0.882083	0.493323
1.1306	0.69482
1.18224	0.813348
0.956957	0.52608
0.899015	0.486281
1.1016	0.457799
1.19185	0.325635
1.36382	0.384713
0.0275546	-0.956814
-0.09506	-1.02603
-0.220278	-1.07584
-0.230971	-0.893022
-0.109293	-0.892184
-0.0717977	-0.905354
-0.0658277	-0.857461
0.0286065	-0.953649
0.390124	-1.00084
0.526056	-0.719565
0.786803	-0.694507
1.03297	-0.674697
1.20126	-0.709929
1.29727	-0.762811
1.31392	-0.838039
1.24561	-0.81788
1.2691	-0.983311
1.41661	-1.43891
1.18286	-1.26783
1.10208	-0.923159
1.1579	-0.814074
1.21183	-0.671804
1.63404	-0.582338
1.89796	-1.89553
1.94962	-1.97076
2.22402	-2.18711
2.66149	-2.82632
2.54019	-2.5092
2.45861	-2.23383
2.31281	-2.04292
2.25956	-1.90156
2.46232	-2.05664
2.01183	-1.38658
1.6718	-1.36697
1.46752	-1.01043
1.88348	-1.28395
1.43727	-0.544246
1.26914	-0.243906
1.4426	-0.653018
1.43102	-0.988617
0.963883	-0.133681
0.988222	-0.0148958
1.13454	-0.891908
2.99925	-2.51947
3.26969	-2.58242
3.1799	-2.44453
2.66172	-1.99119
2.15475	-1.17428
2.64762	-2.24185
2.49661	-2.18294
1.92259	-1.30743
1.83165	-1.19514
1.83703	-1.15186
1.56495	-0.679456
1.46683	-0.613865
1.5431	-0.926743
1.8972	-1.73952
2.60144	-2.72855
3.39558	-3.93445
3.33939	-3.93926
3.35903	-4.2886
2.97743	-3.59778
1.69751	-1.38106
1.44698	-0.941172
1.58154	-1.07018
1.54552	-1.03294
1.49988	-0.96794
1.5276	-1.0628
1.42086	-0.899478
1.46197	-0.925418
1.64745	-1.16543
1.87304	-1.44993
2.07829	-1.71405
2.27775	-2.22758
2.48722	-2.64435
2.659	-2.8562
2.85263	-3.04066
2.54204	-2.49149
2.28056	-1.68079
2.01427	-1.00505
1.88045	-0.81604
1.31279	-0.103124
1.71053	-0.540002
2.15033	-1.27257
2.56753	-2.04139
3.04728	-3.09148
2.43296	-2.03149
2.01974	-1.32653
2.12885	-1.65007
1.55488	-0.994325
1.63573	-1.12492
1.36226	-0.867619
1.90786	-1.72393
1.51703	-1.07713
1.94378	-1.67333
2.36985	-1.80157
2.56833	-2.13216
2.5353	-2.36136
2.25902	-2.31256
2.16942	-2.2879
2.35528	-2.2229
1.63638	-1.23456
1.25353	-0.819459
1.30162	-1.15355
0.895463	-1.03426
0.600528	-1.11754
0.914167	-1.63654
0.707471	-1.42609
0.591723	-1.47824
0.627969	-1.52368
0.70408	-1.62519
0.916938	-1.73341
1.03436	-1.85334
1.36101	-2.01176
1.58642	-2.05712
1.5974	-1.85428
1.45244	-1.38074
1.45993	-1.21236
1.20917	-0.742791
1.51235	-1.01377
1.44173	-0.962001
1.41607	-1.16208
1.21575	-0.833786
0.887774	-0.820302
1.08166	-0.991073
0.379214	-0.584163
0.609768	-0.070365
1.0906	0.452064
1.19197	0.774329
0.98905	0.669615
0.799021	0.563267
0.706792	0.571791
1.33732	1.1444
1.21908	0.933955
1.09402	0.799689
1.00942	0.726523
0.423095	0.270323
0.607151	0.548838
0.545087	0.382563
0.558531	0.578014
0.665091	0.721364
0.808871	0.738859
0.792712	0.892795
0.534673	0.682928
0.386568	0.507291
0.667214	0.177415
0.523883	0.162841
0.722868	-0.132911
0.779072	-0.0803018
0.587985	0.367253
0.942193	-0.176703
0.705687	-0.390587
0.771771	0.0136715
1.05943	-0.0307333
0.962292	0.0688865
1.00215	-0.123056
0.91651	-0.0639879
1.05674	-0.187298
0.799047	-0.119499
0.860492	0.136884
0.825599	0.206271
0.869196	0.154877
0.836468	0.117368
0.788575	0.53267
0.928778	0.152796
0.901584	0.437878
0.836917	0.33678
1.01748	0.372111
1.1349	0.452513
0.607653	-0.287209
-0.110387	-1.07129
-0.20687	-1.20993
-0.278848	-1.11671
-0.28482	-0.986289
-0.314793	-1.00399
-0.278051	-1.01552
-0.191413	-1.08732
-0.0958457	-1.175
0.085732	-1.32593
0.693451	-1.55016
0.610744	-1.05908
0.863817	-1.0718
1.07356	-1.02671
1.29403	-0.999556
1.3369	-0.896944
1.22815	-0.73335
1.13625	-0.805218
0.987883	-0.853773
0.851116	-0.811189
0.5538	-0.595941
0.330608	-0.444607
0.356384	-0.573425
0.327379	-0.621476
0.237581	-0.561186
0.113762	-0.505136
-0.0389295	-0.366468
-0.0685098	-0.398468
-0.0466585	-0.446235
-0.0104545	-0.48893
0.12265	-0.659144
0.510519	-0.886424
1.11236	-1.20545
1.60004	-1.34004
1.17311	-0.78222
1.07474	-0.37668
1.281	-0.447197
1.34659	-0.614273
1.79127	-1.03345
1.73909	-1.1903
1.35329	-0.784916
1.38702	-1.10334
1.56659	-1.57296
2.12038	-2.60342
2.2844	-2.98701
1.57687	-2.0503
1.55658	-1.74336
2.11707	-2.38701
2.11402	-2.32809
1.11172	-1.01054
1.03133	-0.93578
1.34506	-1.18685
1.08419	-0.837458
1.1793	-0.661741
0.983392	-0.508451
0.844738	-0.271819
0.881742	-0.415875
0.722853	-0.44512
1.70277	-1.48157
1.75695	-1.43415
1.71129	-1.32597
1.7741	-1.38722
1.79637	-1.46491
1.62328	-1.20787
1.56399	-1.21832
1.64841	-1.57907
1.94277	-2.20061
1.69297	-1.43855
1.70653	-1.65755
1.34908	-1.25161
1.35645	-1.03798
1.23818	-1.03111
1.45231	-1.23461
1.14627	-0.972071
1.40294	-1.43297
1.62858	-1.57257
1.14057	-1.08372
0.389588	-0.244149
0.335926	-0.0805208
0.81068	-0.461709
2.09101	-1.69923
2.31617	-2.12133
1.84212	-1.36319
1.73848	-1.35764
1.35643	-1.09767
1.38608	-1.37198
1.76825	-2.05486
2.41199	-2.90735
2.57955	-3.31855
1.82567	-2.15973
1.82641	-2.03872
1.65098	-1.56442
1.65439	-1.36517
1.80869	-1.36545
1.74208	-1.1779
1.90213	-1.36402
1.71157	-1.04496
1.7297	-1.14718
1.80703	-1.34771
1.69554	-1.25571
1.46585	-0.979913
1.1162	-0.629069
0.881521	-0.668635
0.812299	-0.89445
0.818036	-1.10228
1.18146	-1.49204
1.29904	-1.69792
0.817536	-1.44956
0.202648	-1.04918
0.13552	-1.10621
0.00834268	-0.891362
-0.0483608	-0.798459
-0.0342302	-0.716346
-0.0806801	-0.701405
-0.0575943	-0.69637
0.0756988	-0.744792
0.106328	-0.808681
0.0664323	-0.851267
0.273286	-0.907821
0.346733	-0.896588
0.453712	-0.747436
0.68832	0.153068
0.640853	-0.0825149
0.844649	0.229599
0.963837	-0.090068
1.78116	-1.00949
1.16295	-0.524216
1.08514	-0.430633
0.945219	-0.275554
1.1852	-0.780496
1.58376	-1.43955
1.86469	-2.01055
2.19259	-2.37794
2.11085	-1.9194
2.08732	-1.84944
1.1393	-0.703077
1.22179	-0.907589
0.95677	-0.735013
0.978372	-0.303087
0.923727	-0.322168
1.09013	-0.495567
1.0763	-0.541958
1.42767	-0.434971
1.41675	-0.366117
1.42592	-0.251209
1.80806	-0.615122
1.16986	-0.15249
1.32484	-0.34193
2.0699	-1.00228
1.64212	-0.387917
2.70061	-2.64314
2.48757	-2.66378
2.09805	-1.90244
2.01187	-1.7823
2.28411	-2.26303
2.22233	-2.28101
2.39981	-2.58766
2.69944	-2.97737
2.20289	-1.93343
1.58455	-0.979367
1.58951	-0.821532
0.92183	-0.547341
0.996453	-0.693405
0.811977	-0.494287
0.349451	-0.774711
1.68558	-1.57457
2.97463	-3.51586
2.26167	-2.42478
1.86086	-1.58703
1.67351	-1.06138
2.21824	-1.92285
1.86978	-1.57208
1.74906	-1.62131
1.50149	-1.32011
1.5488	-1.47207
1.3619	-1.49431
1.45635	-1.88244
1.64495	-2.13007
1.39278	-1.49227
1.30091	-1.18713
1.28167	-1.01405
1.82499	-0.89373
2.00192	-0.736564
1.15635	0.654484
1.33983	1.21702
0.831882	0.603851
0.848061	0.544155
1.04841	0.912306
1.07475	0.745689
0.900287	0.631753
0.929379	0.246674
0.38909	0.125957
0.343538	0.164988
0.596565	0.117476
0.741764	0.0255469
0.692835	-0.000291117
0.845018	-0.258797
0.603431	0.532251
0.200007	-0.108041
1.14272	-1.13184
1.34752	-1.26903
1.7929	-1.83658
1.49934	-1.47162
1.03561	-1.03394
1.95796	-2.61812
2.53491	-3.22215
1.33682	-1.27936
0.47753	-0.338785
0.36113	-0.960213
0.493423	-1.50551
0.226812	-1.34161
0.0749262	-1.15401
-0.0521282	-1.06833
-0.13015	-0.953885
-0.0360369	-1.01587
0.00982561	-0.975579
0.131204	-0.993538
0.390127	-1.15316
0.078646	-0.812459
0.0244524	-0.46693
0.361291	-0.263926
0.58505	-0.00154452
0.95982	0.293675
1.1256	0.302697
1.20993	0.466823
1.0924	0.10922
0.956177	0.0849489
0.754966	-0.0870236
0.70953	-0.139657
0.920001	-0.421559
0.847948	-0.171408
0.887805	-0.355089
0.934107	0.393035
0.736559	-0.198819
0.43795	-0.446878
0.117468	-0.945603
0.223196	-0.724285
0.152899	-0.751525
0.0647766	-0.775804
0.0475167	-0.818123
0.105883	-0.948418
0.125643	-1.04968
0.275113	-1.07264
0.254697	-0.530219
0.524288	-0.803489
0.549589	-0.604297
0.743701	-0.625526
0.845736	-0.658792
1.42531	-1.40652
1.31668	-1.12005
1.65444	-1.66191
2.1077	-2.35549
2.37004	-2.78376
1.82335	-1.85483
1.95617	-2.15953
1.57473	-1.44924
1.67236	-1.52553
1.20617	-1.37384
1.02156	-1.43956
0.894561	-1.37287
0.9591	-1.54611
1.07163	-1.53103
1.37407	-1.56299
0.0148821	-0.218281
-0.0782522	-0.225005
0.133537	-0.187252
0.30539	-0.0552541
0.396097	0.0798346
0.347297	-0.119334
0.682711	0.050753
1.01152	0.609945
0.949339	0.49029
0.896646	0.429071
0.903561	0.0498339
0.738119	-0.187558
0.767728	-0.288088
0.75586	-0.385688
0.715649	-0.379784
0.989694	-0.484028
1.95984	-1.05649
1.94904	-1.0617
1.80517	-1.363
1.76487	-1.18505
1.4091	-1.0702
0.926641	-1.01808
2.16507	-2.56938
2.27885	-2.4273
1.72581	-1.8776
2.4677	-2.87566
2.68657	-3.19637
1.8713	-1.88441
1.5375	-1.13854
1.70971	-1.15256
1.79248	-0.982851
2.11666	-1.23738
2.36768	-1.68063
2.76384	-2.171
2.85201	-2.55101
2.16697	-1.65329
1.99902	-1.38533
1.68746	-1.13863
1.62173	-0.993625
1.49371	-0.744601
1.65013	-0.912707
1.52224	-0.373745
1.95725	-0.974919
1.7263	-0.584126
1.87574	-0.512437
1.93897	-0.822052
1.81514	-0.534411
1.97336	-0.991517
1.41988	-0.686293
1.45741	-0.643016
1.53178	-0.924222
1.72486	-1.38328
2.0371	-1.84948
2.28464	-2.16008
0.832354	-0.505392
1.1244	-0.893386
0.683771	-0.178371
0.771156	-0.0881644
0.641566	0.0801683
0.735925	0.0423832
0.850397	-0.260621
0.648105	-0.136438
0.893576	-0.31364
1.10796	-0.271403
0.905896	-0.0804264
1.04409	-0.244294
1.00304	-0.343459
1.00286	-0.1097
0.977291	-0.092318
0.927792	-0.238466
1.07346	-0.625385
1.94737	-1.27383
1.96224	-1.6925
1.5714	-1.25177
1.70204	-1.50494
2.03066	-2.08352
2.14719	-2.10071
1.89865	-2.00229
1.77545	-1.96395
2.02363	-2.35529
1.70262	-1.88158
1.44282	-1.58231
1.31736	-1.5119
1.26173	-1.37792
1.00553	-0.769067
1.37792	-1.0487
1.30098	-0.862984
1.18591	-0.634236
1.39779	-0.917757
1.57185	-0.817819
1.97534	-1.2775
2.36774	-1.54174
2.29981	-1.49905
1.78715	-1.24223
1.66789	-0.827235
0.982313	-0.00545319
1.1731	-0.597612
1.9037	-1.87823
2.65439	-2.89236
2.16947	-2.26402
2.12783	-2.32577
2.2747	-2.51518
2.70738	-2.90399
1.9841	-1.71723
1.26529	-0.715699
1.3709	-0.842265
1.81032	-1.33078
1.79298	-1.1776
1.58309	-0.757046
2.2107	-1.57342
2.32993	-1.48354
2.19531	-1.2587
2.32513	-1.59869
1.96602	-1.31145
1.59615	-0.259044
1.71264	-0.828717
1.48679	-0.928517
1.88526	-1.18282
1.76232	-1.01721
1.26992	-0.0232775
1.44209	0.417797
2.02698	-0.457438
2.10647	-1.10783
2.41557	-1.86481
1.66272	-0.898294
1.79737	-1.12124
1.64068	-1.08229
1.53966	-1.1331
1.68461	-1.31352
1.62552	-0.974743
1.34776	-0.66694
1.53118	-0.685111
1.02816	-0.303202
1.21824	-0.571397
1.25403	-0.58598
1.30866	-0.593541
1.01313	-0.415465
1.48813	-1.09405
1.26562	-0.941146
1.13281	-0.427408
0.581713	-0.370363
0.599232	-0.139216
1.11399	-1.03262
1.98498	-1.96511
2.56395	-2.85835
1.97701	-1.90413
2.04266	-1.81126
1.99125	-1.82423
1.24172	-1.21822
0.858887	-0.446677
0.938073	0.0768666
0.929679	0.388464
1.25072	0.537531
1.31866	0.483154
1.21893	0.612414
1.16337	0.450195
1.2846	0.566667
1.18857	0.0149594
1.13047	-0.0391088
1.11015	-0.603283
1.89115	-0.879512
2.22809	-1.23112
1.82174	-0.7652
1.64309	-0.524165
1.74067	-0.634082
1.61978	-0.218237
1.75274	-0.304312
1.81849	-0.492843
1.92867	-1.01922
1.83967	-1.09841
1.74005	-1.04118
1.95383	-0.924622
1.96224	-1.06028
1.80391	-0.549573
1.70239	-0.474748
1.66672	-0.204027
1.5248	-0.206441
1.42469	-0.0653916
1.26258	0.213261
1.41879	0.0538347
1.62812	-0.0881572
1.66953	-0.344047
1.8366	-0.312779
1.9705	-0.680026
1.88694	-0.657369
1.88209	-0.739801
2.22424	-1.22991
2.24711	-1.45719
2.50101	-1.7766
2.27205	-1.58261
1.62234	-1.166
1.32835	-1.16375
1.58967	-1.16277
1.51102	-1.39313
1.02105	-1.04678
1.48736	-1.35091
1.71936	-1.38073
1.40176	-0.990782
1.34504	-1.00795
1.35683	-1.15435
1.43503	-1.3604
1.54755	-1.52734
1.69544	-1.63112
0.970036	-0.732518
1.15694	-0.7873
1.19813	-0.844416
1.26233	-0.847419
0.887171	-0.33322
0.604027	-0.0915417
0.710062	0.056584
1.08259	-1.33412
1.69691	-2.0732
1.57813	-1.85406
1.67669	-2.05089
1.96227	-2.47889
1.95631	-2.39372
1.84589	-2.24322
2.00072	-2.4861
1.923	-2.3253
2.11834	-2.48988
2.23435	-2.54128
2.38016	-2.54015
2.28164	-1.78063
2.39955	-2.07693
2.2667	-2.07048
2.0219	-1.85462
2.06658	-1.88981
2.0303	-1.83824
2.19629	-2.14056
2.24826	-2.33558
1.81192	-1.88971
1.70807	-1.84284
1.68665	-1.71232
1.28885	-1.13631
1.78894	-1.81648
1.17186	-1.2874
-0.0167988	-0.410714
0.0815243	-0.458417
0.625401	0.289669
-0.0349689	-0.0639787
0.441065	0.268378
0.466768	0.360507
1.07631	0.903363
0.900427	1.01493
1.32588	1.03729
1.2978	1.1511
1.27718	1.28032
0.734504	0.556235
0.320081	0.034496
0.720689	0.418631
0.444355	0.433465
0.579499	0.516596
0.661356	-0.128875
0.708144	-0.18185
0.585892	0.00687514
0.551787	-0.0430127
0.66439	-0.131487
0.646077	-0.0339727
0.62869	-0.0900398
0.823581	-0.298465
0.778458	-0.203033
0.793208	-0.189667
0.595278	-0.129264
0.855116	-0.145544
1.3401	-0.805593
1.72712	-1.47994
2.4958	-1.95311
2.81601	-2.15443
1.92223	-1.62612
2.61406	-2.70247
2.87513	-3.33889
2.78039	-3.19994
2.71653	-3.06622
2.54126	-2.76824
3.09335	-3.68774
3.25793	-3.85646
3.55891	-4.47979
3.7445	-4.93174
2.97231	-3.38417
2.85584	-3.1959
3.23125	-3.60183
3.09934	-3.21849
2.84172	-3.15627
2.17155	-2.41904
2.3011	-2.33548
1.9362	-1.50103
1.48181	-0.727149
1.11169	-0.24432
1.31499	-0.478569
1.41523	-0.342687
1.33858	-0.21867
1.30734	0.107498
1.40201	0.0409929
1.16689	-0.0129584
1.53505	-0.424163
1.60678	-0.903727
1.53529	-0.937345
1.81485	-1.18509
1.79467	-1.06031
1.79834	-0.979628
1.79436	-0.960038
1.88564	-1.05067
1.85323	-1.01723
1.86099	-1.0863
1.9644	-1.26094
2.04901	-1.47113
2.15614	-1.79184
2.14368	-1.84541
1.99002	-1.77182
1.82691	-1.56693
1.46118	-1.34139
1.65598	-1.55508
1.57297	-1.33698
1.03987	-0.877242
0.669799	-0.810918
0.502842	-0.946647
0.503612	-0.98569
0.47258	-0.948838
0.334547	-0.850862
0.313262	-0.850982
0.453243	-0.963034
0.738278	-1.29713
0.916829	-1.53482
0.972544	-0.935046
0.782562	-0.704433
0.786857	-0.670716
1.16392	-0.544074
1.03127	-0.526185
0.864573	-0.260802
0.847015	-0.497251
0.52276	0.0795063
0.879198	-0.521124
1.3455	-1.58266
1.96531	-2.32927
1.31157	-1.43031
1.66143	-1.79828
1.99881	-2.23733
1.9514	-2.16859
1.87715	-2.07977
2.01851	-2.31101
2.21474	-2.60646
1.98638	-2.10789
1.92696	-1.82508
1.81078	-1.65001
1.42124	-1.30996
1.18412	-1.0336
1.16175	-0.993366
1.49928	-1.3341
1.9266	-1.85929
1.68055	-1.65402
1.73261	-1.70957
1.68971	-1.44043
1.80678	-1.56377
1.7331	-1.52748
1.51791	-1.30094
1.5046	-1.56842
1.14833	-1.45565
0.787872	-1.38637
0.589376	-1.4744
0.232611	-1.20442
0.0364287	-1.02622
-0.0242425	-0.919588
-0.00300524	-0.914112
0.132521	-0.92507
0.221337	-1.02331
0.321382	-1.06374
0.719343	-1.32443
1.18025	-1.60152
1.56011	-1.66743
1.51335	-1.48004
1.08545	-1.04089
0.680809	-0.771903
0.563761	-0.59928
1.4386	-1.37365
1.48219	-1.26718
1.60262	-1.25312
1.77107	-1.46771
1.77491	-1.39962
2.09181	-1.7008
2.06844	-1.46303
1.82757	-0.972181
1.54753	-0.418593
1.88286	-1.08253
0.880448	-0.0477383
0.816672	-0.21096
1.03237	-0.687352
0.92947	-0.542002
0.872699	-0.0908418
1.05059	-0.276213
1.06795	-0.321317
0.915727	-0.276048
0.767561	-0.588057
1.74933	-1.18289
1.91963	-1.58785
2.22155	-2.2046
2.38613	-2.61999
2.65832	-3.05665
2.50793	-2.85501
1.24251	-1.65984
1.48596	-1.79696
0.960533	-0.94047
0.952023	-1.15591
1.63671	-1.96714
1.87839	-2.43087
1.46428	-1.84115
1.3186	-1.86184
1.74161	-2.49989
1.56033	-2.16218
1.44269	-2.05862
0.746759	-1.32891
0.855587	-1.54764
0.813682	-1.2141
1.34122	-1.40578
1.74242	-1.5474
2.04357	-1.76884
1.75969	-1.05963
1.99876	-1.28214
1.78916	-0.905779
1.69642	-0.860701
1.37139	-0.672957
1.15518	-0.760357
0.815628	-0.750268
0.580666	-0.953937
0.332663	-1.04952
0.10951	-1.09478
-0.0829441	-1.05953
-0.368753	-0.831922
-0.388593	-0.843122
-0.31389	-0.826664
-0.29734	-0.935527
-0.324373	-0.971322
-0.174595	-1.00619
-0.355632	-1.1871
-0.152468	-1.27266
0.275537	-1.37588
0.4887	-1.29477
0.294904	-0.571006
0.23951	-0.0848607
0.680756	0.27603
0.695962	0.265752
0.650825	0.239911
0.723367	0.0785463
0.760943	0.382713
0.907526	0.443713
0.872197	0.292322
0.724325	0.0275329
0.905967	0.354675
0.892291	0.409514
1.10916	0.411941
0.787181	-0.496008
0.556087	-0.281556
0.818732	-0.021576
0.6941	0.107095
0.53626	-0.238087
0.963414	-0.31685
1.08001	0.350728
1.11968	0.378907
1.30641	0.436171
1.09398	0.101715
0.936237	-0.032105
1.01258	-0.35534
1.09613	-0.635888
1.0447	-0.0924957
0.989679	-0.275185
0.887078	0.0561321
0.875263	-0.179789
0.97896	-0.0646636
0.895619	-0.0464646
1.02234	-0.344035
0.872415	-0.0617072
0.828371	-0.145486
0.613041	-0.0934666
0.638643	0.0613544
0.75473	-0.06009
0.804569	0.111081
0.875835	-0.225468
0.734312	-0.435828
1.30867	-1.88576
1.06346	-1.74163
0.850309	-1.42316
0.705607	-1.2573
0.73328	-1.233
1.02132	-1.47938
1.63273	-2.07109
2.29045	-3.07605
1.99244	-2.61024
1.83009	-2.33526
1.59084	-2.05015
0.51059	-1.2651
-0.210654	-1.08019
-0.416674	-0.968089
-0.495351	-0.940846
-0.45829	-0.961741
-0.392331	-0.982081
-0.27631	-1.01969
0.0717672	-1.14516
0.490267	-1.18251
0.998556	-1.30779
1.35929	-1.3701
1.28985	-1.15473
1.08136	-0.874646
1.05346	-0.794453
1.14976	-0.949799
1.4155	-1.32706
1.50165	-1.46814
1.33852	-1.26499
1.26181	-1.1508
1.18328	-0.991708
1.21413	-0.996162
1.31213	-1.14095
1.11559	-0.932143
1.0645	-0.953532
1.15626	-1.01322
1.16685	-1.09502
1.10266	-1.16098
0.99327	-1.41312
1.2561	-1.44494
0.967063	-1.11704
0.99892	-0.911091
0.635321	-0.249575
0.753884	0.207376
0.315446	0.0459008
0.391623	0.0366355
0.648073	0.247468
0.576295	0.395324
0.84611	0.498313
0.817863	0.298956
0.824358	0.608067
0.76899	0.466387
0.90675	0.368632
0.745399	0.377847
0.628546	0.363849
0.687284	0.320507
0.797028	0.544639
0.737003	0.351541
0.877109	0.819703
0.488825	0.314667
0.45883	0.0687765
0.998206	-0.37908
0.94017	-0.186049
0.682915	-0.0391889
0.713141	-0.0541226
0.964342	-0.240643
1.63253	-0.0543567
1.41258	-0.978004
1.52852	-1.9534
1.61624	-1.74828
1.89409	-1.83708
2.1981	-2.11396
2.34879	-2.19554
2.01452	-1.56593
1.9232	-1.56923
1.73172	-1.42338
1.49283	-1.23338
1.01728	-0.737938
0.677259	-0.521627
0.574869	-0.543492
1.47869	-1.50673
1.31232	-1.46701
1.64975	-1.76583
1.40006	-1.42966
1.51491	-1.3557
1.46028	-1.38862
1.38394	-1.05037
1.49295	-1.37437
1.42511	-1.11961
0.913278	-0.764414
0.429819	-0.526866
0.395648	-0.193026
0.404588	-0.0991897
0.325873	-0.408701
0.34212	-0.552398
0.576185	-0.859729
0.889099	-1.12575
1.1684	-1.48196
1.10597	-1.33026
1.04903	-1.17117
1.20791	-1.13381
1.14414	-0.969931
1.08284	-0.890194
1.09454	-1.07474
1.50835	-1.72198
1.83825	-2.20169
0.658568	-0.828601
0.732125	-0.624197
1.2335	-0.984543
1.53811	-1.19356
1.81749	-1.52233
1.62897	-1.24021
1.64036	-1.07446
1.59447	-0.825356
1.15886	-0.335603
1.30222	-0.696467
1.21497	-0.550989
0.86167	-0.198341
0.821873	-0.0915541
1.60878	-0.423485
2.26135	-1.35014
2.51726	-1.9772
2.47156	-1.87904
2.24953	-1.59737
1.87721	-1.0932
1.65365	-1.29309
1.74871	-1.69695
1.70322	-1.69693
1.79169	-1.76514
2.00117	-2.192
2.09919	-2.28742
2.46953	-2.9292
2.38153	-2.75356
2.48853	-2.97103
2.34305	-2.74213
2.1644	-2.3814
1.62724	-1.38076
2.38065	-2.51947
2.14841	-1.83367
1.29918	-0.850952
0.666168	-0.680585
1.62065	-1.54058
1.74418	-1.65212
1.74873	-1.82755
1.63796	-1.76658
1.38876	-1.45581
1.30645	-1.47281
1.09204	-1.28584
0.926612	-1.31986
0.631003	-1.11983
0.274359	-0.947201
0.345164	-1.1815
0.475244	-1.41651
0.0532647	-1.05321
0.0905966	-1.05941
0.979279	-1.82736
1.51676	-1.49636
1.63576	-1.36089
1.5646	-1.54802
1.90195	-2.01032
1.44436	-1.55155
1.41964	-1.41417
0.79102	-1.02391
0.839265	-0.794625
0.965205	-0.586137
1.6569	-1.31681
1.64468	-1.32339
1.89589	-1.8561
2.20626	-2.39483
2.11754	-2.3066
1.15621	-1.11328
0.444896	-0.371865
0.208295	-0.42229
0.374422	-0.584184
0.545812	-0.655034
0.539569	-0.466339
0.710087	-0.74381
0.591156	-0.672656
0.458394	-0.51493
0.733223	-0.597818
0.566061	-0.496148
0.364762	-0.518678
0.434335	-0.503577
1.94107	-2.00877
2.48457	-3.00893
2.08363	-2.45898
1.82103	-1.98639
2.06393	-2.42762
1.87365	-2.18544
1.81215	-2.11525
1.55055	-1.68914
1.17037	-1.11113
0.489519	-0.506666
0.58442	-0.736793
0.800888	-0.992311
0.553989	-0.901119
0.490192	-0.896677
0.960646	-1.4697
0.600207	-0.958106
0.240108	-0.662896
-0.0542244	-0.776922
0.0610141	-0.627923
0.0289853	-0.776243
0.0701453	-0.721505
0.196388	-1.00032
0.0529595	-0.849832
0.0229413	-0.946792
-0.0717453	-0.993997
0.109364	-0.853114
0.872266	-1.40384
0.949634	-1.68594
1.17169	-1.7951
1.29224	-1.75043
1.10368	-1.23149
1.22842	-1.4097
1.6081	-1.79379
1.26787	-1.28808
1.13143	-1.11049
1.264	-1.28238
0.904355	-0.850584
0.762875	-0.578142
0.878628	-0.837608
1.26212	-1.19432
1.57704	-1.30923
1.95408	-2.04098
1.57451	-1.48997
1.6322	-1.61874
1.67475	-1.57887
1.62398	-1.7992
1.5585	-1.54925
1.19871	-1.02694
1.04804	-1.10261
0.99743	-0.964818
1.11786	-1.05276
0.834648	-0.54759
1.18441	-0.638667
0.907074	-0.135139
0.738945	-0.00949971
0.752442	-0.00476192
0.901331	-0.271291
0.6866	-0.115707
0.876622	-0.23088
1.07552	-0.113175
1.24864	-0.826679
0.955636	-0.793179
1.01149	-1.03642
0.773567	-0.949467
0.452206	-0.807501
0.350127	-0.644582
0.648414	0.142866
0.79835	-0.0142327
0.779826	0.306154
1.07814	0.255024
1.24665	0.511333
1.14058	0.105598
1.1675	0.665828
0.690243	0.102094
0.763868	0.277701
0.91205	-0.904408
1.86373	-2.21705
1.93732	-2.51602
1.40264	-1.64774
1.23374	-1.3928
1.21104	-1.2844
1.24096	-1.29168
1.35198	-1.49163
1.39113	-1.53369
1.54099	-1.69665
1.46292	-1.8395
1.70779	-2.1873
0.931728	-1.2544
0.363389	-0.27023
0.534585	-0.438932
0.820859	0.113067
0.701949	0.127651
0.804307	0.238937
1.0035	0.17018
0.880033	0.213615
1.09327	0.490716
0.986612	0.895834
0.869995	0.629159
1.04201	0.285861
0.672464	-0.00123752
0.712656	-0.16107
0.589074	-0.128083
0.906663	-0.449103
0.94545	-0.37693
0.907853	-0.380416
0.819827	-0.356472
0.723102	-0.219236
0.760969	0.186672
0.705475	-0.558181
2.23142	-1.64046
2.17888	-1.52499
2.00486	-1.40742
2.02865	-1.56217
1.95772	-1.54224
1.81909	-1.46157
1.7386	-1.5106
2.00249	-2.22049
2.00947	-2.14264
1.87107	-1.82649
1.56071	-1.2586
1.53346	-1.16205
1.49591	-1.07847
1.2788	-0.572798
1.4229	-0.450207
1.3615	-0.515022
1.1076	-0.263106
1.13449	-0.374436
1.06518	-0.068558
0.982861	0.0649608
1.23673	-0.339973
1.21622	-0.279342
1.12044	-0.0545494
0.980608	0.0295755
1.4897	-0.409025
1.62766	-0.774819
1.52808	-0.77439
1.97058	-1.14758
2.26593	-1.67879
2.4323	-2.00849
1.9196	-1.30128
1.60826	-0.902832
1.69661	-0.958545
1.42602	-0.533412
0.984173	-0.135858
0.648634	0.0921357
0.602816	0.0945531
0.879773	0.021643
1.12222	-0.28217
0.839094	0.150395
0.993732	0.0960485
0.928311	-0.0812791
0.88899	-0.0315141
1.46558	-0.872834
1.85804	-1.74758
1.72669	-1.69544
2.1315	-2.39053
2.62285	-2.52689
2.32733	-1.95682
2.75514	-2.56067
2.75363	-2.4944
3.05932	-2.83919
3.27154	-2.91172
3.48994	-4.02816
1.80709	-1.83101
1.06233	-0.807842
0.645956	-0.102613
0.959733	-0.246831
0.901196	-0.24705
0.837365	-0.275541
0.836659	-0.403977
0.697288	-0.357844
0.684856	-0.590142
0.656028	-0.806439
0.819172	-1.2578
0.555575	-1.09734
0.427952	-0.900172
0.322541	-0.772482
0.426958	-0.581839
0.79124	-0.534012
0.825581	-0.185809
0.817106	0.0321777
0.885032	0.0810721
0.917616	-0.09822
0.575846	-0.370535
0.288435	-0.365023
0.137602	-0.516225
-0.0765899	-0.727887
-0.148065	-0.666161
-0.0596134	-0.8062
-0.169486	-0.746558
-0.301413	-0.942146
-0.199815	-0.894547
-0.19359	-0.836465
-0.0226499	-0.934417
0.110226	-0.988191
0.134634	-0.984905
0.312134	-0.989168
0.471629	-0.901253
1.05587	-1.00259
1.3909	-1.22886
1.70634	-1.46379
1.62624	-1.21234
1.69395	-1.23141
1.64116	-1.05276
1.42335	-0.782331
1.36097	-0.80062
1.42759	-1.04602
1.31553	-1.10878
1.55826	-1.2922
1.23266	-0.773251
0.914014	-0.358614
0.978723	-0.457358
0.829041	-0.341866
0.740188	-0.473272
0.888596	-0.252231
0.898554	0.279126
1.10983	0.0416177
0.691404	-0.645812
2.28506	-1.91847
2.93205	-2.49269
2.72905	-2.89481
2.5403	-2.86392
2.33488	-2.45912
1.92917	-1.64027
2.10909	-1.75902
1.95367	-1.54997
1.78484	-1.26696
1.77764	-1.23027
1.56461	-0.918014
1.57017	-0.859072
1.04517	-0.385162
0.679012	-0.135655
0.872402	-0.164363
1.19883	-0.542172
1.26807	-0.745153
1.18274	-0.531056
1.06023	-0.656326
1.15257	-0.602986
0.964735	-0.538098
1.2958	-0.871099
1.07432	-0.656133
1.17326	-0.496658
0.57996	-0.598721
0.660042	-0.39637
0.717552	-0.64308
1.16511	-1.0926
1.63654	-1.51301
1.36497	-0.962803
1.45298	-1.09752
1.34671	-0.801138
1.39615	-0.762906
1.42425	-0.832551
1.34132	-0.666121
1.46714	-0.82378
1.39977	-0.861619
0.92433	-0.65665
0.690264	-1.02311
0.579387	-1.21819
1.51097	-1.83069
1.15778	-1.77428
0.49355	-1.33707
0.160204	-1.24703
0.0513763	-1.13114
0.0660042	-1.07785
0.45706	-1.24963
1.18742	-1.36818
1.75587	-1.57132
2.31173	-2.20061
2.40604	-2.6731
2.14872	-2.15469
2.30465	-2.52117
2.24567	-2.51975
2.35856	-2.63662
2.22615	-2.42456
2.3465	-2.70153
2.24534	-2.55691
2.33364	-2.63256
2.15444	-2.2851
2.05423	-2.12042
2.05598	-2.14056
1.83359	-1.6965
1.47901	-1.29004
1.69642	-1.58799
1.75407	-1.5013
1.95396	-1.85689
1.89295	-1.80264
1.67735	-1.69939
1.6214	-1.66192
1.46019	-1.46173
1.37614	-1.3469
1.35697	-1.30083
1.25291	-1.24145
1.09033	-1.11546
0.911964	-1.0813
0.80786	-1.15265
0.817335	-1.34722
1.22634	-1.68902
2.06468	-2.44786
2.27079	-2.6545
1.68682	-1.92832
1.95482	-2.2725
1.82212	-2.04189
1.72404	-1.82905
1.88459	-2.12855
2.12028	-2.42361
2.06552	-2.43716
2.14424	-2.3879
2.03507	-2.19582
1.79569	-1.93105
1.94929	-2.04851
2.49268	-2.58249
2.26581	-2.23089
2.39968	-2.39065
2.29996	-2.11834
2.51917	-2.39768
2.56796	-2.42748
2.71652	-2.55634
2.64415	-2.34586
2.29394	-1.74008
2.15396	-1.56294
1.85638	-1.37383
2.16797	-1.7254
2.52759	-2.35169
2.00615	-1.88312
1.6578	-1.3603
1.56515	-1.21326
1.51141	-1.06214
1.4421	-0.915803
1.39259	-0.916712
0.811823	-0.355715
0.881294	-0.27434
0.986364	-0.548273
0.90039	-0.553976
1.02745	-0.673683
0.86654	-0.464383
0.649988	-0.308998
0.735871	-0.344876
1.52879	-0.422162
2.28885	-2.01644
2.2448	-2.26319
2.16859	-2.10206
2.10652	-1.88047
2.0057	-1.69944
1.47094	-1.06837
0.68854	-0.795411
0.584177	-0.510164
0.686257	-0.149537
0.806143	-0.0827879
1.10518	0.201818
0.998425	0.202105
1.17827	0.486389
1.22672	0.725123
0.858811	0.282788
0.79337	-0.179157
0.851299	-0.191042
1.006	-0.319365
1.0837	-0.513295
0.881314	-0.0889199
0.806452	-0.113083
0.772171	-0.299025
0.81979	0.117608
0.528302	-0.384045
2.11885	-1.94132
2.10143	-1.89496
1.85266	-1.40652
1.65018	-0.996256
1.54709	-0.878319
1.48104	-0.800869
1.38037	-0.687543
1.40015	-0.770018
1.55343	-1.16686
1.70946	-1.58354
1.63391	-1.62284
1.5905	-1.43914
1.51267	-1.36552
1.29663	-1.15497
1.10303	-0.793794
1.13548	-0.683967
1.33294	-1.02944
1.41394	-1.05036
1.00929	-0.556454
1.38384	-1.24329
1.21064	-0.981703
1.14251	-0.772768
1.07332	-0.666316
1.04817	-0.872676
1.30976	-0.823609
1.49386	-1.05579
1.33877	-0.777754
1.21248	-0.999382
1.2229	-1.29895
0.771101	-1.28753
0.166992	-0.919144
0.0531173	-0.849352
0.170176	-0.812508
0.45835	-1.01561
0.925227	-1.44088
1.18355	-1.56671
0.61489	-0.807567
0.823174	-1.02135
0.612079	-0.747177
0.902084	-0.873645
0.986542	-0.682954
2.15472	-2.42775
2.01584	-2.27754
1.78943	-1.96811
1.70445	-1.70459
2.17306	-2.17075
2.17625	-1.9491
2.49016	-2.33996
2.18909	-1.68444
1.76214	-1.27293
1.34947	-1.05101
1.38853	-0.949095
1.11325	-0.652391
0.829635	0.203002
0.857194	0.0499591
1.16761	-0.874561
1.74201	-1.4722
2.10317	-2.07463
2.90233	-3.37707
1.60186	-1.40246
1.6642	-1.61309
2.18455	-2.49881
1.64624	-1.65727
1.68187	-1.76443
1.70561	-1.80025
1.35638	-1.39725
1.5601	-1.66913
0.986697	-1.19257
0.449427	-0.844962
0.344557	-0.645725
0.386335	-0.241176
0.621079	-0.11627
0.732397	-0.0815597
0.869992	0.285684
0.928576	0.240316
0.615619	0.0255303
0.243065	-1.17641
0.130429	-1.18532
0.298764	-1.0075
0.0784846	-1.08008
0.0374002	-1.18646
-0.0121126	-1.31187
0.104547	-1.28354
0.319343	-1.53836
0.447136	-1.37529
0.53416	-1.24658
0.734054	-1.16822
0.955068	-1.55882
1.08364	-1.52335
0.773177	-1.23054
1.21607	-1.453
1.54875	-1.77483
1.6307	-1.81432
2.00975	-2.36397
1.81955	-2.31838
1.47922	-1.90297
1.20151	-1.56125
1.24834	-1.67544
1.06083	-1.50403
1.1028	-1.56014
1.15775	-1.49928
0.938583	-1.06678
0.998125	-1.02337
0.906582	-0.841914
1.47386	-1.46283
1.91317	-2.10741
1.70992	-2.02874
1.92788	-2.43297
2.0711	-2.51436
1.80575	-1.94767
1.96036	-2.14288
2.31487	-2.31442
2.33666	-2.15957
2.0434	-1.78563
2.10444	-1.95746
1.72665	-1.50956
2.10086	-2.14306
1.92692	-1.78069
1.70559	-1.38458
1.70947	-1.19503
1.39811	-1.17017
1.02667	-0.790374
0.789936	-0.434437
0.988236	-0.22285
0.837555	-0.326611
0.885005	-0.380189
1.07444	-0.395808
0.726939	-0.16698
0.682564	-0.204238
1.08888	-0.438624
0.884331	-0.0731918
1.08589	-0.420816
0.701437	-0.148237
0.932545	-0.125906
0.838856	-0.18698
1.08904	-0.596844
1.00627	-0.230147
0.839308	-0.159381
1.04196	-0.559144
0.995296	-0.137917
0.538855	0.136545
0.700343	0.157242
0.846817	-0.0722004
0.892051	-0.256686
0.748649	0.201232
0.80184	0.00267501
0.833836	0.116872
0.992055	-0.261163
1.05578	-0.265912
0.973209	-0.153833
0.891335	-0.615649
0.509838	-0.297635
0.901443	-0.046431
0.990228	0.0516129
0.943388	0.0935171
0.811467	-0.0282034
0.940838	0.231978
1.09463	0.335147
1.24094	0.0505389
1.2617	-0.0215282
0.740941	-0.602166
1.99626	-2.34412
1.85158	-2.10531
1.80107	-2.07297
1.81684	-2.08492
1.52969	-1.76182
1.4564	-1.76277
1.39158	-1.81683
1.29049	-1.63695
1.53582	-1.97547
1.58018	-1.87267
1.52766	-1.38405
1.26012	-1.24898
1.24121	-1.2411
1.42972	-1.38998
1.13433	-0.980995
1.24825	-1.1044
1.39639	-1.44441
1.10008	-0.951722
0.495056	-0.306937
0.406655	-0.42658
0.228326	-0.599506
0.242245	-0.455988
1.19991	-1.37979
1.96444	-2.3111
2.16531	-2.53797
1.97019	-2.12879
2.55319	-2.83953
2.54949	-2.71905
2.34886	-2.24673
2.43017	-2.34895
2.26053	-2.0732
1.76641	-1.26893
1.50158	-0.957528
1.53483	-1.048
1.40774	-1.10003
1.13907	-1.06743
0.983101	-0.881568
1.09836	-0.942342
1.29165	-1.16749
1.76821	-1.85971
1.90187	-2.04849
2.24213	-2.60793
2.26417	-2.55459
1.56939	-1.34896
1.36245	-0.983689
1.74197	-1.60432
1.89465	-1.75091
1.84443	-1.60526
1.30821	-1.14088
0.752435	-0.525279
0.895784	-0.447357
1.22335	-0.819148
0.432848	-0.376343
0.862666	-0.554794
0.325848	-0.247251
0.556988	0.132492
0.706085	0.494024
0.872341	0.43097
0.638359	0.181099
0.812273	-0.0176445
0.60993	0.199954
0.839649	0.0213331
0.90437	-0.13918
0.822852	-0.295191
0.581398	-0.271117
0.590508	-0.533693
0.560419	-0.518136
0.488164	-0.459545
0.78231	-0.560311
0.792481	-0.151607
0.885728	-0.0215216
1.00105	-0.0808879
0.853458	-0.251908
0.758781	0.104039
0.862831	-0.147539
0.770494	-0.005046
0.740668	-0.0517395
1.0475	-0.0453558
0.791611	-0.0882516
-0.441022	-0.395443
-0.783006	-0.887036
-0.679481	-0.785083
-0.744849	-0.648564
-0.405699	-0.884077
0.595321	-1.21824
1.97372	-1.98196
1.92884	-1.88085
1.95881	-2.06077
2.04109	-2.17731
1.92303	-1.97044
2.24638	-2.39355
2.63084	-2.76146
1.60193	-1.14888
1.89759	-1.48714
1.46869	-1.02415
0.855182	-0.616159
0.73019	-0.466668
0.840925	-0.533121
0.927462	-0.507902
0.777959	-0.0717565
0.81569	-0.293306
1.69174	-1.26902
2.12453	-1.33144
1.95102	-1.03394
1.91094	-1.19985
1.72651	-1.02181
1.93181	-1.13957
2.1922	-1.49264
2.15148	-1.38439
2.04847	-1.3674
1.53868	-0.772402
1.43116	-0.780767
1.1246	-0.723427
0.504585	-0.247307
0.000410763	-0.0812233
0.241784	0.203744
0.247831	0.251372
0.54278	0.504919
0.51064	0.482237
0.47054	0.285239
0.535706	0.803659
0.757097	0.804748
0.594238	0.573342
0.711022	0.868978
0.763416	0.852658
0.869771	0.960037
0.617322	0.429987
0.888119	0.682052
0.0517215	0.0092151
1.23066	-0.62626
1.55303	-0.761868
1.87449	-1.30462
1.89865	-1.36009
2.04216	-1.5276
1.94213	-1.2789
1.91786	-1.23249
1.76099	-1.04941
1.78963	-1.09992
1.93912	-1.36406
2.01637	-1.43733
2.52863	-2.26877
3.74484	-3.96281
3.47549	-2.90676
2.83349	-2.52993
2.44698	-2.31212
1.91326	-1.65554
1.43204	-0.918049
1.59928	-0.888444
1.60877	-0.921324
1.6482	-1.03938
1.39272	-0.749298
1.15958	-0.438958
0.907113	-0.15692
0.804385	-0.0969028
0.77444	-0.137961
0.833176	-0.374997
1.01245	-0.841957
1.44453	-1.56125
1.62184	-1.66195
1.50015	-1.41124
1.34597	-1.01223
1.08073	-0.406318
1.13731	-0.562478
1.16032	-0.520702
0.84881	-0.187558
0.793002	-0.145489
1.02918	-0.311199
1.01769	-0.27668
0.791647	-0.0911691
0.868867	-0.295623
0.925322	-0.478002
0.895438	-0.620533
0.910893	-0.721282
0.936268	-0.832545
1.38074	-1.44579
1.62126	-1.69203
1.73084	-1.78249
1.33717	-1.08417
1.27358	-0.805869
1.50048	-0.963581
1.60525	-1.04521
2.09852	-1.67517
2.7187	-2.49011
2.81768	-2.22305
2.86555	-2.37232
2.67853	-2.4521
2.65598	-2.91942
2.16034	-2.09606
2.07497	-1.84112
1.9619	-1.61527
1.86827	-1.76677
2.25091	-2.28197
1.71066	-1.59982
1.59874	-1.48006
0.93231	-0.818373
0.810125	-0.215351
0.999541	0.112306
0.988453	-0.15293
0.889623	0.183883
1.04153	0.530418
0.945935	0.31743
1.21165	0.314919
1.23126	0.225471
1.10322	-0.546063
1.62596	-1.65519
2.06362	-1.9855
1.84352	-2.02229
1.53975	-1.82916
1.15704	-1.44815
0.635609	-1.07131
0.598405	-1.1615
0.331718	-1.04243
-0.0148442	-0.878927
-0.114099	-0.718209
-0.217806	-0.712557
-0.237323	-0.79971
-0.0797127	-0.491624
0.143667	-0.565168
-0.153243	-0.573569
-0.0949745	-0.683254
-0.108726	-0.690968
-0.0885749	-0.81335
-0.129833	-1.00609
-0.176831	-0.904521
-0.0336876	-0.891391
-0.143968	-0.818208
-0.305934	-0.720953
-0.388945	-0.670211
-0.359905	-0.809846
-0.239555	-0.787732
-0.192931	-0.985581
0.0471295	-1.13471
0.209199	-1.31869
0.653076	-1.53792
0.863239	-0.92187
0.569447	-0.472587
0.848532	-0.625526
0.939478	-0.523636
0.960511	-0.349847
0.866243	-0.201865
1.03795	-0.398702
1.00565	-0.346537
1.21125	-0.724963
0.965888	-0.344257
0.800976	-0.245543
0.591252	0.139553
0.702658	-0.0611636
0.758955	-0.17319
0.98006	-0.410921
0.916187	-0.126055
0.819094	-0.0705076
0.673626	0.0115841
0.863367	-0.0801327
0.736475	0.0470268
1.42743	-0.8013
1.5382	-0.81349
1.77282	-1.16685
1.7044	-0.869594
1.84894	-0.677006
1.4241	-0.214347
1.16524	-0.367021
0.361261	0.251492
-0.45153	0.472874
-0.0381544	-0.0178166
0.415264	-0.129873
0.725309	0.0133619
0.877273	0.268314
0.651451	0.0101808
0.695637	0.220911
0.771844	0.156774
0.904472	0.334154
0.959302	0.289246
0.878172	0.258428
0.918857	0.109803
0.78742	-0.0284872
0.271951	-1.03316
0.0391271	-0.928704
-0.106425	-0.981719
-0.172498	-1.00774
-0.0745311	-1.03131
0.177561	-1.09565
0.645859	-1.23733
0.794046	-1.09947
1.11627	-1.02457
1.07031	-0.757417
1.08431	-0.979774
1.01218	-1.09843
0.817825	-1.21208
0.591442	-1.17315
0.373159	-1.11008
0.27798	-1.00708
0.306511	-0.94382
0.310021	-0.901848
0.374003	-0.933943
0.702443	-1.15009
0.752069	-1.02351
0.374806	-0.746153
0.274511	-0.547246
0.288885	-0.64564
0.270513	-0.690638
-0.0299971	-0.479904
-0.181612	-0.354165
-0.0217768	-0.489041
0.369601	-0.59798
0.613212	-0.847528
0.962211	-0.393597
1.19244	-0.618737
0.427146	-0.292171
0.445913	-0.0698481
0.661626	0.131992
0.856267	0.160294
0.785794	-0.122201
0.48709	-0.781636
0.518683	-0.754259
0.671035	-0.918198
0.533085	-0.443028
0.702658	-0.225829
0.75072	-0.458436
0.445376	-0.311072
0.460777	-0.690075
0.505675	-0.944478
0.425635	-0.971813
0.314016	-1.04193
0.272621	-1.12183
0.264269	-1.19206
0.621402	-1.26604
0.583856	-0.942713
0.807773	-0.951352
1.1296	-0.986515
1.25863	-0.853933
1.33189	-0.832972
1.387	-0.942209
1.2762	-0.815633
1.21359	-0.890944
0.995732	-0.814664
0.787474	-0.809604
0.796347	-0.946093
0.890695	-1.24605
1.02016	-1.30006
0.772891	-1.14352
0.786805	-1.01262
0.926304	-1.0835
0.768975	-0.668496
0.758937	-0.254216
0.674646	0.102638
0.67337	0.276588
0.567619	-0.251052
0.545676	-0.909347
0.936843	-1.23098
1.40286	-1.68144
1.32836	-1.50563
1.39681	-1.43375
1.75868	-1.76224
1.83942	-1.64205
2.36352	-2.52126
2.74209	-3.16716
2.40618	-2.53932
2.40288	-2.37445
1.97456	-1.62053
1.64044	-1.12453
1.63441	-1.18489
1.46648	-0.95045
1.39352	-0.833599
1.52082	-1.03929
1.7869	-1.40394
1.96216	-1.77137
2.36754	-2.90296
2.32856	-3.01522
1.74197	-2.05826
2.035	-2.55272
2.05657	-2.51974
2.04618	-2.47892
1.8269	-2.11498
2.0493	-2.50325
2.47095	-3.07531
2.01516	-2.11926
1.76205	-1.63495
1.74075	-1.59151
1.84571	-1.72702
1.90144	-1.76416
2.03137	-1.95789
1.61976	-1.22083
1.48048	-1.1455
1.17243	-0.866153
0.918705	-0.577448
0.868952	-0.551455
0.876083	-0.587548
0.936594	-0.733097
0.958769	-0.82606
0.917976	-0.851523
0.938767	-0.936525
0.876662	-0.952122
1.09141	-1.23982
1.41664	-1.63432
1.07698	-1.39372
0.936567	-1.08861
1.2028	-1.34972
0.929756	-0.657627
0.941733	-0.399084
0.660787	-0.365063
0.789503	-0.188816
0.780334	-0.108091
0.622499	0.160092
0.885582	-0.922893
1.80339	-1.92723
1.35708	-1.23627
0.974382	-0.949159
0.822949	-0.767003
1.86679	-1.76101
2.28264	-2.26105
1.71809	-1.26092
1.82567	-0.961634
1.95062	-0.804475
2.23625	-1.10891
2.24575	-1.01332
2.49589	-1.47153
2.96321	-2.29013
2.61303	-1.95315
2.64036	-2.12447
1.94269	-1.32672
1.69426	-1.11767
1.83671	-1.28622
1.27515	-0.901833
1.02721	-0.470042
0.746841	-0.0562308
0.957958	-0.0646614
0.745013	-0.0679641
0.687132	-0.023926
0.854174	0.226745
1.13554	-0.31705
0.897294	-0.186664
0.677385	-0.14315
0.737994	-0.00439168
0.870517	-0.393603
1.59719	-0.981464
1.47389	-0.871308
1.58322	-0.857244
1.52936	-0.70024
1.67054	-0.797125
1.57924	-0.444677
1.79471	-0.587347
1.9099	-0.771775
1.65234	-0.708601
1.69207	-0.743366
1.67102	-0.655178
1.69463	-0.602052
1.50638	-0.405255
1.57478	-0.418058
1.5195	-0.226573
1.73906	-0.629291
1.26612	-0.0059959
1.69414	-0.667516
1.56956	-0.369714
1.31733	-0.46238
1.04262	-0.524429
1.0117	-0.983403
0.710454	-0.611713
1.45076	-1.06767
1.25051	-0.658809
0.896859	-0.29386
1.20986	-0.774334
0.79522	-0.29745
0.864854	-0.475484
0.935594	-0.215131
1.04505	-0.2816
1.2763	-0.845835
1.38402	-1.17446
1.71318	-1.55618
2.09858	-1.97263
2.23703	-2.12651
1.99334	-1.61324
1.9081	-1.33524
1.90422	-1.23205
1.73973	-0.721211
1.54356	-0.382055
1.89369	-0.868903
1.58651	-0.440434
1.77324	-0.78446
1.75623	-0.840039
1.57193	-0.592382
1.53849	-0.468814
1.62224	-0.490321
1.51706	-0.34012
1.44917	0.0163549
1.58312	-0.230808
2.01667	-0.800268
1.2787	0.304843
1.5322	-0.341972
1.20606	0.0471611
1.31943	-0.15539
1.16016	0.0290332
1.16759	-0.0859099
1.2368	-0.183466
1.50353	-0.423512
1.14456	-0.304494
1.03466	-0.271686
1.10555	-0.559993
1.31096	-0.7144
1.54452	-1.18026
1.64699	-1.0572
1.74642	-1.06254
2.01353	-1.40493
1.82859	-1.07494
1.43148	-0.261814
1.57874	-0.682588
1.28211	-1.13917
2.17994	-1.93305
2.40829	-1.92881
2.27537	-1.69522
3.00617	-2.84541
2.90345	-2.70417
2.88891	-2.78888
2.7758	-2.56149
2.8977	-2.94955
2.97929	-3.18399
2.83105	-2.91108
2.64632	-2.68696
2.39772	-2.38442
1.92185	-1.47888
1.61491	-0.841066
1.77597	-1.11018
1.86853	-1.24709
2.03723	-1.75674
2.02907	-2.07741
1.74432	-1.82719
1.77697	-1.99506
1.71782	-1.87763
1.48587	-1.51715
1.61106	-1.7609
1.67257	-1.88376
1.61429	-1.78595
1.84928	-2.11869
1.90139	-2.18268
1.78835	-1.87748
2.44509	-2.95733
2.02374	-2.27371
1.5583	-1.7663
1.45203	-1.76242
1.60085	-1.79897
1.14146	-1.11659
1.40469	-1.21886
2.1793	-2.50952
1.91675	-2.13945
2.06046	-2.40377
2.17257	-2.40511
1.7853	-1.77396
1.71233	-1.69351
1.7106	-1.73734
0.750411	-0.837943
0.580562	-0.363359
0.889251	-0.067536
0.713817	0.10222
0.625367	0.129849
0.683009	-0.021126
0.706446	0.0876617
0.591565	0.0246492
0.533177	0.182584
0.554237	0.162137
0.939755	0.624899
1.10487	0.379782
0.976806	0.341698
0.732539	-1.41698
1.26249	-1.7303
1.33944	-1.8545
1.28032	-1.57752
1.47915	-1.8666
1.57549	-1.95144
1.65738	-2.12841
1.35919	-1.74293
1.09752	-1.32469
0.368419	-0.802007
0.406529	-0.44452
0.642896	0.0445474
0.924279	-0.0479748
0.944567	0.199531
0.721693	0.245057
1.23194	0.489975
1.42894	0.479974
0.808001	-0.238651
1.14021	-0.706708
1.15205	-0.8198
0.550172	-0.136893
0.594539	-0.230675
0.695782	-0.172375
0.757082	-0.171188
0.459725	0.138556
0.553852	0.166988
-0.209442	-0.333754
-0.566795	-0.559636
-0.279143	-0.833028
-0.185133	-0.952298
-0.277935	-0.961831
-0.281963	-0.699083
0.279246	-0.553464
0.471094	-0.363981
0.582485	-0.370787
0.659765	-0.322481
0.818321	-0.4016
0.922018	-0.30278
0.926007	-0.223232
0.885409	-0.442182
0.441476	0.307801
0.684633	0.204218
0.656472	0.594876
0.726339	0.346011
0.721252	0.206049
0.84097	0.192525
0.579608	-0.0389871
0.488205	-1.08464
1.33753	-1.32821
2.1703	-2.24505
2.48292	-2.65879
2.11692	-2.00426
2.03395	-1.81196
1.97293	-1.55688
1.91388	-1.32483
1.84904	-1.16536
2.05531	-1.57951
2.03196	-1.72883
2.02202	-1.77039
1.60013	-1.3349
1.49419	-1.0894
1.45324	-0.777492
1.3894	-0.669311
1.26739	-0.546908
1.14369	-0.55778
1.28696	-0.831497
1.27806	-0.972118
1.35623	-0.887439
1.41613	-0.860018
1.68968	-1.15613
2.23717	-1.84862
2.2192	-1.94626
1.7846	-1.3319
2.39525	-1.98333
2.64409	-2.42159
2.61296	-2.45414
2.04545	-1.54748
2.21493	-2.14181
2.15188	-1.96454
2.00719	-1.53362
1.37564	-1.05731
0.2091	-0.458656
0.296191	-0.190921
0.598928	0.400684
0.620403	0.476077
0.354256	0.0903683
0.338713	0.0621944
0.461347	0.428878
0.686089	0.37523
0.710963	0.156212
0.677587	0.288607
0.994538	0.473455
0.987236	0.117691
2.08327	-2.10799
2.7092	-2.78224
2.46227	-2.3088
2.64327	-2.51634
2.67937	-2.52344
2.50858	-2.15635
2.15338	-1.45868
2.18589	-1.35013
1.9058	-0.874454
1.92604	-0.83649
1.8523	-0.77727
1.71883	-0.680984
1.75642	-0.900357
1.77491	-1.19865
1.9682	-1.69381
1.47826	-1.25241
1.23181	-1.08316
1.48214	-1.62065
1.53209	-1.60249
1.32697	-1.27606
1.83078	-1.93799
1.38672	-1.44928
1.55478	-1.31511
1.60806	-1.28517
1.38617	-0.988255
1.21978	-0.942808
1.08223	-0.761568
0.832455	-0.358221
1.06944	-0.651135
0.984758	-0.609523
1.01235	-0.583474
1.15724	-0.231415
0.602427	0.172501
1.07763	-0.968507
1.4455	-1.33506
2.24109	-2.32292
2.37697	-2.63581
2.13542	-2.12587
1.87205	-1.62058
1.84899	-1.61533
1.61444	-1.26772
1.53539	-1.5944
0.925948	-1.19224
0.316961	-0.577142
0.104541	-0.493272
0.232639	-0.394859
0.356439	-0.636116
0.453632	-0.488038
0.433663	-0.740773
0.702692	-0.823247
0.640375	-0.681089
0.786371	-0.646509
0.840682	-1.14747
1.04389	-1.55402
0.639976	-1.19966
0.451307	-1.01045
0.378709	-1.00369
-0.019822	-0.745794
0.341536	-0.477105
0.496883	-0.0632648
0.746346	0.174298
0.532143	0.170615
0.638749	0.323456
1.11171	0.553286
0.989828	0.34183
0.796157	0.267493
0.196268	-1.03209
0.521215	-1.23445
0.530489	-1.43942
0.272093	-1.36932
0.493069	-1.43397
1.03667	-1.22609
0.861375	-1.13006
1.02006	-0.980637
0.815847	-0.639775
0.782402	-0.65446
0.633313	-0.209999
0.835801	-0.443658
1.02526	-0.530487
0.736564	-0.925518
0.750428	-0.0292619
1.10533	-0.0425506
1.12635	0.0786705
1.36068	-0.643548
1.75588	-1.56498
1.56369	-1.329
1.61273	-1.37525
1.58553	-1.38459
1.45623	-1.29249
1.25832	-1.17435
1.10976	-0.920654
1.28848	-1.05668
0.776315	-0.934402
1.12621	-0.932062
1.16956	-0.764665
1.36246	-1.19725
1.25523	-0.86636
1.02707	-0.554007
1.04338	-0.620007
1.29266	-1.26529
1.43235	-1.35288
1.60555	-1.57057
1.94434	-1.92633
1.83369	-1.66514
1.4034	-1.34845
0.933808	-0.829171
0.754502	-0.742559
0.634392	-0.452437
0.394021	-0.149112
0.858727	0.283902
0.865188	0.210582
0.933455	0.388732
0.965123	0.451495
0.463129	0.247519
0.766451	-0.00552272
1.00995	0.354772
1.08028	0.696216
1.26401	0.498512
1.26102	0.229135
0.33412	-1.05645
0.164516	-1.09956
0.113843	-1.05901
0.260264	-1.17072
0.330781	-1.14807
0.506103	-1.20166
0.786963	-1.09233
0.750839	-0.92155
0.677075	-1.16587
0.955131	-1.40665
1.50622	-1.75661
2.76018	-2.94166
1.42392	-1.13779
0.855245	-0.650595
1.2234	-1.19709
0.884623	-0.699843
0.926748	-0.506899
0.842591	-0.352896
0.982578	-0.449987
1.02865	-0.240539
1.07059	-0.456131
0.956712	-0.341843
0.925173	-0.472094
1.93521	-1.41303
1.64413	-0.790804
1.60459	-1.17701
1.67407	-0.6859
1.68446	-0.669178
1.96702	-1.27134
1.40605	-1.10853
1.70171	-1.64165
1.87766	-1.67563
1.90817	-1.79779
1.9242	-1.98481
1.70343	-1.60346
1.41079	-1.02882
1.29357	-0.847949
1.4478	-1.13258
1.70336	-1.45536
1.50208	-1.13465
1.63864	-1.38671
1.77376	-1.58588
1.99498	-1.74288
1.69744	-1.73025
1.46592	-1.4326
1.48991	-1.48793
1.9817	-2.0568
2.34737	-2.25758
2.4623	-2.03293
2.05178	-1.4451
1.3758	-0.400032
1.35549	-0.267972
1.3689	-0.319654
1.30909	-0.269777
1.44372	-0.511899
1.60548	-0.807075
1.65662	-1.11607
1.20423	-0.615306
1.74037	-1.37485
1.86226	-1.65448
1.36616	-1.22853
1.47767	-1.21223
0.99661	-0.61663
1.00549	-0.43721
0.9218	-0.344562
1.1169	-0.414183
1.94447	-0.937636
1.87803	-0.977288
1.64412	-1.11041
1.50856	-0.828429
1.56497	-0.722716
1.44632	-0.965624
0.885692	-0.656129
0.388805	-0.365035
0.541777	-0.0354097
0.666614	0.30236
0.839991	0.478253
0.826747	0.411588
1.0637	0.212672
0.94873	0.194893
0.732503	0.301019
0.761721	0.0133271
0.946511	-0.193571
0.850221	0.0177197
0.906157	0.185919
0.772898	0.0799594
0.35935	0.0405781
0.695571	-0.583983
1.6712	-1.50005
2.04551	-1.96909
1.90169	-1.61949
1.70275	-1.26789
1.71963	-1.26533
1.91259	-1.56999
1.79579	-1.49823
1.78923	-1.54476
1.68685	-1.27943
1.32696	-0.962569
0.793634	-0.623685
1.29013	-1.11702
1.35551	-0.812575
1.58618	-1.42871
1.42895	-1.01423
0.961258	-0.361348
1.16896	-0.948459
1.07953	-1.00121
0.266798	-0.264569
0.248578	-0.338886
1.07013	-0.834371
1.30006	-0.833228
1.10112	-0.518966
1.23261	-0.425673
1.7183	-1.02789
1.65189	-1.0021
1.75463	-1.31899
2.07624	-2.23307
1.84082	-1.95324
1.73619	-1.79431
1.60894	-1.70812
1.87817	-2.13119
1.75262	-1.90355
1.87386	-2.04643
1.90047	-2.06841
1.99908	-2.17158
1.78118	-1.83999
1.92919	-1.96617
1.25033	-1.2454
1.0333	-0.593758
0.83162	-0.460582
0.904408	-0.539429
0.863678	-0.147522
0.99692	-0.194713
0.750959	-0.675016
2.11626	-2.14496
2.13494	-2.28468
1.6823	-1.5255
1.38146	-1.22747
0.610019	-0.666383
1.34881	-1.22751
2.14821	-2.21769
2.00145	-1.86599
1.81322	-1.51818
1.98091	-1.73921
1.93335	-1.63109
1.96899	-1.69062
1.8993	-1.63205
1.69715	-1.43921
1.57082	-1.37981
1.443	-1.22927
1.52048	-1.29818
1.82272	-2.17835
1.78423	-2.08722
1.69925	-2.07212
1.87746	-2.14921
2.19184	-2.62134
1.88642	-2.10716
1.53121	-1.41863
1.66244	-1.32653
1.43638	-1.00996
0.612034	-0.593734
0.585173	-0.435213
0.337716	-1.02931
0.44047	-1.21799
0.286776	-1.17981
0.174356	-1.19059
0.136602	-1.22464
0.162145	-1.33442
0.140207	-1.30253
0.305124	-1.33934
0.336952	-1.31404
0.672972	-1.37268
0.796806	-1.02398
0.829451	-0.720002
0.897202	-0.635239
0.914158	-0.443963
0.918062	-0.365284
0.793074	-0.343567
0.74572	0.202714
0.999946	-0.29149
1.38932	-0.787975
0.700178	-0.458496
0.886036	-0.36849
0.883953	-0.122386
0.945518	-0.208614
0.897598	-0.27789
1.18497	0.387606
1.35376	0.202238
1.87493	-0.907476
1.824	-1.35372
2.25682	-1.86994
2.3303	-1.87236
2.13815	-1.5612
2.20418	-1.64431
2.39517	-1.99379
2.46365	-2.41531
2.02202	-1.95974
1.8393	-1.72982
1.95086	-1.83823
2.13987	-1.99709
2.16448	-2.01177
2.42288	-2.23224
2.25105	-1.8921
1.94936	-1.52633
2.07912	-1.90312
1.77025	-1.5021
1.90462	-1.69932
1.8686	-1.67697
1.86121	-1.53901
1.89518	-1.64949
2.10864	-1.91129
2.22768	-1.85073
2.69303	-2.33921
2.75309	-2.2498
2.63662	-1.92771
2.7635	-2.00744
2.67246	-1.54445
2.53896	-1.569
2.26993	-0.97075
1.76705	-0.10508
2.05088	-0.725338
1.73337	-0.329396
1.63619	-0.61916
1.40926	-0.42319
1.08868	-0.15204
1.3163	-0.706416
1.46973	-1.06242
1.39527	-1.14093
0.753543	-0.466303
0.826108	0.106785
0.95171	0.494687
1.08038	0.716305
0.850738	0.402031
1.29635	0.935347
1.51044	1.17528
1.22597	1.13716
1.1679	1.17333
1.13023	1.28585
0.864298	0.899337
0.814449	1.06523
0.637555	1.0785
0.304781	0.431154
0.552374	0.494851
0.441135	0.690647
0.384149	0.465245
0.426579	0.392008
0.519175	0.69321
1.06675	-0.728438
2.44229	-1.57166
2.34101	-1.49425
2.16663	-1.76098
2.80322	-2.73644
1.44165	-1.36533
1.52498	-1.49755
1.72783	-1.70221
1.37711	-1.13248
1.73696	-1.44792
1.90193	-1.68257
1.46926	-1.23015
1.46538	-1.34929
1.49778	-1.39896
1.46196	-1.35147
1.46712	-1.37867
1.75712	-1.75997
1.62354	-1.30379
1.80565	-1.39234
1.30971	-0.785247
1.35725	-1.15961
0.762583	-0.732325
0.9964	-1.32195
0.501192	-1.08389
0.0575174	-0.817117
-0.139083	-0.793207
-0.0255962	-1.01225
0.644921	-1.22687
1.13231	-0.985484
1.31557	-1.14816
1.48073	-1.57723
1.49917	-1.68387
1.06505	-1.18411
1.02262	-1.23913
0.898684	-1.01432
0.904697	-0.939186
0.930967	-0.900196
0.976326	-0.856028
1.14882	-1.04409
1.96298	-1.93186
1.17741	-0.651666
-0.115045	-0.316895
0.131883	-0.224391
0.627264	0.17017
0.806441	-0.0338897
0.958676	0.0573348
1.0468	0.290799
1.24594	0.325881
1.20934	0.16278
1.26977	0.629038
1.21998	0.30415
0.910171	0.141826
0.83184	-0.247186
0.791154	-0.225933
1.16583	-0.604447
0.881338	-0.390604
0.934897	-0.310147
0.964	-0.213402
0.639528	-0.120442
0.839801	0.281781
0.552766	-0.107731
0.133033	-0.684066
-0.422094	-1.03751
-0.411664	-0.804117
-0.422372	-0.795148
-0.408353	-0.810963
-0.348633	-0.844105
-0.353608	-0.842827
-0.265098	-0.839684
-0.17002	-0.877121
-0.0544123	-0.888548
0.0369291	-0.921704
0.568746	-1.14059
0.752162	-1.08499
0.945298	-1.11686
1.32092	-1.37349
1.69717	-1.68893
1.77627	-1.69136
1.60477	-1.34929
1.63309	-1.39776
1.76699	-1.60777
1.92549	-1.89612
1.63447	-1.59019
1.61408	-1.50229
1.58636	-1.56262
0.902754	-0.924463
0.944327	-1.09534
0.727514	-0.416526
0.94221	-0.537319
0.799424	-0.481447
1.58276	-0.979492
2.33969	-1.78446
2.15354	-1.93603
1.74609	-1.16307
1.88195	-1.28877
1.79818	-1.05143
2.44143	-1.87514
2.50616	-2.04435
1.97758	-1.2175
1.87215	-1.04495
2.27871	-1.64729
2.18793	-1.7079
2.13013	-1.73266
2.05345	-1.54402
1.98804	-1.48825
1.89185	-1.4027
1.74213	-1.17704
1.9861	-1.50579
1.76908	-1.16355
1.47217	-0.809503
1.5959	-0.79669
1.48096	-1.05867
1.49834	-1.12332
1.08953	-0.416885
1.11342	-0.248072
1.44582	-0.749825
1.41639	-0.557963
1.44432	-0.655153
1.23445	-0.567292
0.786819	-0.344438
1.70312	-1.51746
1.48084	-0.770433
1.50744	-0.355569
1.79304	-0.602185
1.85996	-0.611464
1.85516	-0.559272
1.60934	-0.0980201
1.38394	-0.106079
1.25499	-0.283895
1.52802	-0.594263
1.97262	-1.01027
1.73695	-0.761819
1.41475	-0.721243
1.06903	-0.759056
1.84605	-1.96488
2.16148	-2.56255
1.68237	-1.98838
1.68266	-2.0273
0.83161	-0.89146
0.740069	-0.947219
0.938759	-1.52918
0.763793	-1.53153
0.278893	-1.21157
-0.0372023	-1.13274
0.208788	-1.18952
0.785893	-0.959765
0.826047	-0.733069
0.842446	-0.585267
0.814754	-0.562055
0.929522	-0.404023
1.62234	-0.490207
1.58644	-1.39231
1.22282	-1.48099
1.53231	-1.67441
1.94769	-1.88039
2.00566	-1.74902
2.23467	-1.83381
2.46408	-2.07026
2.5834	-2.28944
2.37215	-2.00848
2.35983	-2.06667
2.15401	-1.92573
2.05644	-1.79049
2.05189	-1.92396
2.14652	-1.97493
1.96109	-1.44163
1.85604	-1.37382
1.41791	-0.856471
1.59252	-0.942156
1.44094	-0.731112
1.65375	-0.819459
0.896807	0.451854
0.941695	0.597868
1.17818	0.624261
1.14696	0.43582
1.25155	0.399838
0.937092	0.140077
0.790017	-0.297639
0.704867	-0.407492
0.303334	-0.377734
0.57672	-0.497909
0.740924	-0.381384
0.843057	-0.341141
0.749177	-0.163471
0.889539	-0.0309552
0.725707	-0.718868
1.44358	-1.42598
1.06603	-0.832322
1.53618	-1.41387
2.07714	-2.07949
2.32451	-2.3351
2.25962	-2.05365
2.66619	-2.67166
3.15915	-3.47648
3.4315	-3.94583
3.53306	-4.12629
3.25366	-3.3593
2.33623	-1.99403
2.02035	-1.79647
0.973028	-0.721265
0.725057	-0.70871
0.92833	-0.992563
1.11113	-1.29599
0.983793	-1.10251
1.26659	-1.57198
0.688976	-1.48018
0.461974	-1.38303
0.208759	-1.22852
0.320332	-1.27024
0.525386	-1.38357
0.883962	-1.57556
1.82582	-2.06292
1.99604	-2.21314
2.01647	-2.21161
1.84904	-1.84744
1.5217	-1.44201
1.52879	-1.45779
1.48501	-1.19574
1.67967	-1.27093
1.61968	-1.05266
1.58007	-0.961178
1.59044	-1.00721
1.53149	-1.01217
1.33367	-0.815405
1.19981	-0.777679
1.04945	-0.841059
0.961981	-1.08196
1.0629	-1.4515
1.07554	-1.53063
0.443352	-1.17157
0.122567	-1.08986
-0.0572044	-1.00334
-0.317233	-0.716678
-0.414929	-0.884596
-0.310423	-0.925703
-0.293654	-0.929325
0.101549	-1.12645
0.555416	-1.36242
0.803595	-1.48681
1.18662	-1.78988
1.43614	-1.81803
1.39444	-1.5517
1.54499	-1.56277
1.77181	-1.61245
1.7474	-1.24101
1.77662	-1.19199
1.82565	-1.50091
1.91731	-1.67815
1.93846	-1.75308
1.67455	-1.35268
1.61398	-1.30291
1.29599	-0.584034
1.21455	-0.688938
1.28663	-1.04692
1.07683	-0.908661
0.887882	-0.888611
0.801213	-0.918014
0.667617	-0.784786
0.658154	-0.905731
0.562875	-0.759794
0.677908	-0.885975
0.61701	-0.695975
1.32845	-1.42246
1.913	-2.29134
1.73688	-2.03545
2.05748	-2.53361
1.79958	-2.00641
1.75272	-1.81148
1.63119	-1.6982
1.31413	-1.32283
1.09135	-0.956773
0.965741	-0.697694
1.00546	-0.853937
0.913092	-0.604274
1.20188	-1.02422
0.895293	-0.713852
0.871779	-0.442259
0.881786	-0.51403
1.13306	-0.801759
1.1831	-0.81343
