2.01234	-3.68842
-2.41174	-7.74927
-5.30924	-3.61994
-0.0711268	5.00158
2.70465	5.42201
-0.638218	1.98628
2.31026	-9.3562
6.96252	-3.12077
-0.325605	5.5435
1.38677	4.24991
2.29523	-0.0904834
4.48465	-5.13873
-3.34914	-4.20925
-4.62739	-19.0746
-4.76943	-9.46652
-4.09677	-4.77766
-1.44971	-14.2141
-11.1349	-17.469
-11.3574	-14.2642
-13.77	-23.9718
-11.089	-4.80728
-5.60717	-10.2522
-10.2514	-10.0643
-10.4527	-24.4156
-19.4745	-25.1851
-26.9551	-5.12556
-9.89574	-1.14005
-7.33452	-2.05901
7.14562	6.20433
5.28393	-18.8106
-20.8126	-31.108
-33.0154	-7.44156
-6.20237	-20.1618
-17.3382	-3.72391
-5.64072	-7.85366
-1.64859	-15.2702
-19.495	-21.9749
-21.8232	-6.17005
-9.59672	-21.8193
-23.767	-20.3046
-16.1252	-5.84232
-7.16572	-1.78006
-1.7494	-12.612
-12.8548	3.07539
3.6505	4.18608
6.32542	-11.1094
-9.45636	-12.9747
-10.7172	-6.14732
-7.20764	-20.0308
-15.6344	-8.71753
-15.83	-5.24108
-14.0936	-8.3265
-9.0669	-7.12853
-17.8209	-0.262567
-3.75885	-15.5753
-16.0168	-14.1722
-13.5909	-12.0788
-12.0627	-6.01875
-8.91544	0.908091
1.00758	4.65804
5.07101	5.95705
7.1498	-17.9748
-17.6403	-1.10331
-2.26293	-5.2207
-5.18603	-10.9187
-9.32049	-24.2561
-24.7947	-11.0017
-9.65222	-18.2049
-16.6674	-10.5838
-13.5303	-7.49441
3.32531	-17.0181
-19.7233	-23.1406
-25.6306	-11.7636
-14.0773	-6.79482
-6.22764	4.99712
5.72589	5.50515
9.17644	7.50034
7.31888	-7.41079
-8.13258	-17.6446
-19.9356	-0.0354939
-9.1155	-24.349
-28.0483	-10.4099
-1.66004	-11.3511
-16.7039	-17.9141
-14.8559	-16.4022
-18.7144	-24.1115
-22.1485	-18.2011
-16.0559	-1.42719
-1.26597	-16.2015
-16.9973	-7.99228
-12.68	12.3748
11.9063	6.69263
4.5689	9.42003
4.66594	-19.7287
-20.8632	-1.77443
0.974524	-12.1214
-15.074	-10.765
-14.6825	-26.1813
-25.4667	-28.9207
-29.0241	3.84737
5.58305	-28.4217
-30.7774	-3.70718
-3.18652	-20.4815
-20.7895	-15.8904
-19.135	-0.319817
-9.13001	-7.609
-4.50679	-1.36838
-0.981228	-3.11826
-2.25153	1.79055
4.48701	-19.1597
-20.038	-1.18865
-1.16222	-4.83449
-13.7684	-18.7878
-24.4743	-10.2452
-8.842	-37.3175
-34.1476	-4.89009
-1.60805	-18.1991
-16.6014	-2.77746
-7.92273	-12.3857
-15.8476	-16.4689
-18.7065	-6.69346
-2.43309	-10.6741
-13.419	-4.44075
-5.10375	-5.99501
-6.36971	0.909696
2.17922	-9.07147
-12.3817	-22.8413
-14.8723	-11.8199
-23.9292	-17.4974
-13.1678	1.96961
-0.994041	-19.6077
-19.4209	-2.84929
-2.97449	-15.1399
-13.1969	-9.872
-9.96441	-21.3833
-19.1121	-24.9071
-23.4582	-16.9178
-10.4201	-11.0669
-6.05696	-13.688
-4.57439	-4.61736
0.520563	-6.76365
-0.825015	-19.0247
-20.7555	-14.3706
-13.3585	-0.82442
3.86115	0.222865
-5.36006	-3.11788
-5.30211	-5.83359
4.38938	2.60099
-0.324559	-0.86765
4.19109	-9.98906
-16.645	-2.23988
2.34062	12.3779
7.02464	-8.54837
-11.7635	9.04705
7.14694	-1.03925
-4.35865	0.916012
0.182763	5.19984
5.01409	-31.6222
-29.4254	-10.3476
-10.0133	-7.46469
3.90601	-11.4659
-16.0439	9.50001
-6.39419	-3.43723
3.06886	-6.09844
0.859038	-3.51742
0.633518	6.86425
-1.44181	-2.76821
4.88677	3.07976
1.93399	8.18418
4.27635	2.59649
2.23668	2.16115
2.4027	-5.15455
-4.34057	-4.54734
-2.76224	-4.812
-7.25522	-7.42496
-18.8635	5.13328
-9.1585	-32.2265
-39.0662	5.50662
7.52352	-4.708
-3.98411	-15.2477
-19.2336	-16.984
-15.1812	-9.8156
-9.75487	-6.95592
-8.69095	-1.0916
0.670955	-8.38129
-10.3294	-10.0751
-9.32278	-8.32274
-7.65617	-3.14497
-3.99635	-7.9483
-7.04376	-21.9022
-21.4216	0.86633
-4.66336	-3.8038
-6.43696	-22.0576
-18.2856	-8.06459
-6.52339	-7.95969
-7.94155	-3.08261
-7.20423	-13.0663
-16.352	-5.62116
-5.51124	-18.7283
-16.7933	-7.14065
-12.6176	-8.57909
-11.2221	-10.0748
-9.97921	-3.18091
-4.8409	-6.01282
-8.79579	0.187094
-1.11659	-15.1654
-15.5824	-17.1816
-15.9833	-10.9522
-12.2884	-38.2724
-37.4986	-0.960051
5.46871	-6.43737
-6.65139	-5.42243
-5.22233	-10.7729
-12.0398	-17.6804
-14.1048	-23.1735
-17.2864	-5.74713
-0.740211	-17.569
-13.7278	-5.7059
1.85593	-4.72623
-10.9095	-8.99953
-9.2664	-2.759
-8.63409	-18.1536
-22.5446	-15.2309
-14.8616	0.539413
1.04488	-5.13187
-9.79389	-1.41675
-6.25627	0.39646
5.37617	-1.12027
1.47062	-0.120546
4.47889	2.91274
4.54342	2.99803
-2.35141	-9.00032
-0.00567028	5.63245
1.83747	-2.27693
0.678987	2.35009
-10.172	-9.37459
-16.4047	-26.3763
-8.77626	-6.61338
-0.349354	-8.57946
-12.5338	-11.3432
-14.7694	-5.14444
-15.1982	-14.5305
-21.6226	-11.1964
-14.5064	-8.17824
-6.26571	7.91894
-0.123271	17.016
14.829	14.0104
7.60855	8.4666
7.68522	-9.54887
-8.95621	-18.866
-19.0301	-12.5363
-13.6574	-23.5038
-27.153	-22.7332
-23.9563	-29.8781
-36.8808	-13.9007
-16.0626	-15.5283
-14.2148	-8.38785
-7.28611	-15.3137
-11.3851	-20.2165
-20.7811	-3.80862
-0.341604	-3.40503
-5.37817	0.498885
2.0419	5.65351
-1.96078	8.06493
6.28103	-16.6893
-20.9264	-34.3962
-31.926	-6.95738
-6.65682	-24.8656
-24.7634	3.92485
1.98848	-10.4652
-6.55825	-10.5496
-7.49425	-25.1409
-21.6786	-2.5951
-6.60652	-27.6106
-32.1995	-22.785
-21.0583	0.535322
-2.35112	-9.76173
-2.94587	-5.03796
-7.6375	-9.08387
-10.5029	-0.133569
0.829236	-6.36777
-5.0733	-12.5667
-9.7742	-3.86013
-4.80355	-17.486
-9.29139	-11.9572
-6.59572	2.32559
5.73403	-0.166829
2.32442	2.03312
1.27944	-3.13861
-4.28396	-10.8306
-6.19299	0.906019
-1.85988	-12.9803
-10.0268	-1.27672
-4.09821	-6.38736
-5.67835	-1.0333
1.2246	5.52675
4.90907	-23.3784
-20.6966	-20.0589
-18.6541	-22.4768
-18.4344	-27.8204
-22.2433	-13.5196
-16.141	-31.0954
-27.5338	-23.1341
-20.5995	-15.5988
-16.8906	-11.1969
-19.5911	-18.1154
-14.5947	-8.03033
-12.335	3.71988
3.15829	0.484233
4.49615	10.9596
14.1474	11.2357
10.8449	7.21218
5.09728	-24.0391
-22.7252	-6.38096
-6.99691	-32.493
-36.0103	-21.5861
-24.0327	-6.60674
-2.24487	-24.2027
-26.2254	-12.3169
-15.9495	-26.6398
-11.3375	7.55284
-0.170002	-1.93286
-11.2376	9.80367
3.96799	6.81739
-1.55016	3.5388
7.81984	-2.15332
6.50331	-3.45964
-3.056	0.153395
-5.1628	-35.5056
-35.9213	-11.3455
-6.84393	-5.23481
-1.61227	-2.54133
-3.48409	3.69802
-2.83153	-5.75268
-7.07162	2.49841
-4.24141	-6.72417
-1.35678	7.99019
3.06213	-2.32841
-2.57327	-9.6043
-13.4649	-4.08729
-4.9668	-12.6505
-7.45501	-2.25038
-4.76717	-3.14781
-4.0723	-0.523928
3.20609	-15.9382
-15.8805	-4.31362
-10.3642	-5.79535
-6.99623	-32.9667
-23.1609	-27.44
-26.2833	-27.0217
-28.8648	-11.5548
-13.0859	-12.0285
-19.1029	2.36018
-7.339	-25.435
-23.8648	-17.0467
-14.1913	-11.2515
-13.2584	-4.22885
-4.92908	-8.27629
-7.88687	-2.01778
-3.29687	6.05314
7.4994	-16.8467
-21.9489	-21.8975
-21.5466	-3.4362
4.39202	-31.7879
-26.0799	-18.7753
-7.60404	-10.2365
-6.30295	-11.9792
-14.9398	-15.5906
-15.0124	-2.00852
-4.22061	-14.9958
-14.816	-10.6088
-9.86459	-3.72548
-8.99433	-5.08037
-2.27864	0.427884
-2.7795	0.176442
6.60529	12.9321
8.19206	-10.7143
-10.3669	-16.0288
-15.1248	-0.426875
-0.200866	-22.646
-9.88238	-12.3413
-9.50666	-17.3903
-13.8955	-9.04004
-12.0497	-10.9275
-3.28196	-2.34471
-11.4735	-6.08576
-0.322679	3.89338
-1.00447	1.3668
3.91512	3.53589
7.96999	3.56323
-4.43863	13.1682
6.61465	-7.16344
-0.530876	-15.045
-15.6192	0.276357
2.0439	-16.1566
-3.21673	-14.6574
-11.2436	-14.0034
-12.7363	-6.40867
-8.97988	0.540087
4.04184	-0.563914
4.93789	-0.318968
-3.20559	-13.141
-12.4154	-0.519599
-2.06104	2.00691
6.43642	-1.23455
-10.3067	-6.53147
-5.27173	-6.07673
-6.20858	-6.56976
-5.65172	-15.9185
-16.5121	-32.5848
-32.8169	-22.3159
-21.5926	-9.01192
-5.11389	-2.14661
-1.94617	-16.4009
-14.3247	5.57735
8.11859	-22.8003
-22.5962	-15.0602
-7.30107	-9.41841
-10.7046	-9.01517
-9.21297	-13.3456
-13.2094	-8.07801
-6.48041	-9.32196
-6.27012	-10.8204
-8.14083	-6.99354
-5.78981	-16.7229
-16.5643	-27.9332
-26.0301	-7.26835
-10.7219	-16.2817
-8.31661	-15.5784
-11.2816	-7.39641
-2.82785	10.5076
6.59704	-11.5726
-6.044	-3.17412
-2.6936	3.79244
-2.37673	10.2371
0.544826	2.16887
3.08336	2.92159
-0.0461112	1.3716
0.633672	1.98723
-1.2876	-2.72361
-2.77678	-16.8869
-23.9714	-15.3436
-19.4597	4.0291
-4.64825	-17.4152
-13.2636	-10.6263
-6.42563	-3.66239
-5.66798	-11.8143
-13.8118	-7.13819
-7.11096	1.94537
-3.53693	-2.5489
-1.88209	-0.0933329
2.86191	-2.76903
-3.66689	-6.44821
-8.31117	-0.0258546
-2.37552	4.23415
9.0348	-1.57786
-0.110549	4.45347
0.0925063	-9.30906
4.43514	-3.58761
-5.99256	-0.701018
3.09194	0.56826
6.0966	9.05847
10.5955	0.397722
1.88101	1.29632
7.17362	-16.0123
-17.0146	0.691972
-4.59663	-23.7167
-20.4772	-33.1801
-38.5017	-6.53446
2.89321	-12.5816
-12.326	-14.275
-13.8287	-16.1746
-14.9534	-11.9353
-13.6151	-17.6768
-21.4633	3.4234
0.82697	-13.6952
1.15379	6.69923
7.97265	5.71521
1.86955	6.71697
3.97415	14.2909
14.2802	-17.5263
-17.8274	-18.2537
-19.4369	-11.8202
-9.91461	-16.4589
-13.6723	4.71104
-5.21919	-10.9373
-15.165	-3.1395
-5.23714	-13.9474
-12.3018	-12.8266
-12.7114	-10.1401
-13.7567	-4.21312
-5.32453	-13.5704
-13.1729	-3.55743
0.929996	-11.3172
-8.78423	-1.13155
-5.11773	0.137925
-2.42729	-14.8443
-14.6135	-24.3289
-23.5886	4.33246
5.279	-14.25
-11.4171	-13.2959
-13.1054	-13.4087
-14.2427	-9.23714
-8.39596	-8.12772
-11.5062	-6.43415
-4.73272	-15.5104
-20.5039	-18.2674
-20.0475	-12.8139
-10.9489	-13.3895
-11.9346	-8.2093
-2.58823	-7.49232
0.722696	-5.27694
-9.62559	-28.2226
-31.0802	-5.78976
-3.23402	-0.413026
-3.29875	-9.62413
-5.2537	-3.94181
2.33578	1.76732
5.74694	-0.618846
-1.43134	-9.12292
-9.05424	4.24571
3.81652	0.902751
-11.335	0.0396403
-2.2809	4.28024
-3.74636	-8.81653
-2.90586	-2.15468
5.43685	4.2129
-0.639351	4.391
4.25455	-18.0733
-24.5133	-7.4636
-14.0838	1.0672
-1.92288	-3.97121
4.67816	3.02938
-2.2074	-0.610941
-9.38772	-4.32253
7.01774	-5.13458
-2.72309	-5.85258
-7.30492	-16.3672
-14.5326	-11.2471
-5.5778	4.27963
1.01377	-11.7789
-10.2461	-5.51747
-8.08501	-3.71783
-3.83086	2.59676
-2.25008	-18.0269
-21.4824	-32.2547
-31.8864	-8.81192
-6.99543	-15.6619
-19.5628	-0.00938607
-1.72048	-3.30003
-1.20191	-9.00311
-5.73442	-8.23729
-14.8975	6.21404
-6.00683	-7.68594
-9.31365	-5.98766
-8.69053	-6.75481
-6.22886	-12.8712
-10.8737	-12.1916
-16.9166	-4.51827
-7.53135	-6.93888
-3.29371	-15.9105
-18.7059	-3.56268
-8.71467	-15.2819
-15.2467	-34.4152
-27.1891	-5.92939
-8.24563	-0.934453
-3.73533	2.12195
7.5755	-26.0388
-23.6756	-8.55297
-8.02575	-17.5594
-19.0441	-9.83088
-14.008	-14.233
-7.4336	-4.98104
-6.13175	-7.72767
-5.80999	-8.99744
-4.64912	-7.96079
-9.30644	-9.53551
-14.681	-18.3682
-20.3394	-8.82474
-3.62689	-5.50264
-5.75186	-12.7466
-12.3769	-8.42526
-1.76673	4.09087
3.39163	-9.92151
-4.58468	3.85144
4.83712	-10.1701
-11.5091	-12.0209
-8.45689	-4.10567
-9.97573	-7.24608
-7.00942	-2.73141
-3.89534	-8.41578
-8.28561	-5.32618
-4.46176	-14.3248
-11.83	-13.2163
-8.51814	-4.70309
-2.56049	-13.7872
-19.1864	-12.9816
-6.37102	-4.47713
-6.56286	-9.21287
-8.95316	0.681168
-8.7699	-3.13184
-5.87059	-3.50789
-5.58291	-16.3226
-17.1808	-9.87037
-11.7941	-9.88775
-10.2526	-8.71064
-6.51664	-12.1776
-9.93439	-4.83368
-6.08324	-17.0171
-17.6797	-16.5051
-17.2621	-9.67012
-13.4688	-32.7733
-28.16	7.39269
7.43034	-10.3688
-10.1069	-10.6814
-13.2013	-17.5042
-16.9198	-11.6201
-11.3632	-21.2855
-23.7474	-9.72424
-21.8396	-9.30125
-5.48805	-4.80359
-4.56879	-10.4829
-4.94236	-12.0251
-8.51645	-1.80228
0.509251	-10.4443
-9.9654	-15.7704
-14.0764	3.83823
-0.918174	-14.4046
-5.62915	-7.05333
-7.26583	-19.619
-23.2003	-13.3708
-15.6356	-8.19841
-7.93313	5.79011
0.43657	-12.1839
-16.4397	-8.04763
-8.95909	-11.119
-8.50323	-9.46439
-11.1634	-3.13687
-5.49883	-7.45821
-8.2822	-5.78711
-3.13864	-21.4116
-21.0505	-31.4391
-31.9274	-5.52794
-6.11233	-2.53865
-2.55596	-13.3038
-12.0007	-4.81913
1.57216	-8.59793
-12.2674	-25.6699
-25.7251	-10.6966
-14.2942	-11.1751
-20.4716	-11.1972
-9.18776	-7.65514
-9.77141	-8.98931
-5.41366	-10.0819
-12.3871	-12.3174
-11.4566	-2.40725
-4.16462	-8.33046
-8.71174	-12.9244
-8.96626	-1.77628
-2.09715	-13.4188
-10.7501	-14.5467
-4.19018	-0.991464
1.75783	-1.45226
-5.59397	-5.7782
-5.88091	-0.214306
2.20532	-3.5498
-13.69	-12.0261
-9.99074	5.42255
2.27118	2.62469
-5.70772	3.2347
5.69123	-1.59643
-0.942106	-3.59091
1.0366	-20.5306
-19.6186	-18.5683
-15.0127	-1.56383
2.2771	-0.759417
1.25954	-5.61543
0.399291	-5.81121
2.63997	7.47073
-1.85189	-1.89256
0.345206	1.92865
-5.09993	0.529789
-3.87679	1.94131
-0.720814	-4.19021
3.72892	7.09099
-7.52629	-3.17703
4.43514	1.75993
3.1103	7.47705
11.089	14.486
15.4873	-15.3537
-14.8115	-22.6801
-22.5348	-20.221
-20.8862	-21.3276
-14.941	-26.7859
-20.7538	-16.0595
-12.8282	-18.9826
-21.5009	-20.5737
-24.5482	-23.1355
-25.1757	-17.2309
-12.4975	0.289949
-7.01128	-2.24393
-6.06438	10.0976
2.66616	6.33776
14.2244	8.92203
-5.71744	-1.23754
0.915564	-17.654
-20.5275	-34.57
-33.3649	-20.1155
-19.4845	-14.5693
-14.8767	-14.191
-23.5392	-16.8058
-13.3553	0.13433
-12.0762	-24.8254
-30.4018	-4.31106
-6.49301	11.207
2.99855	0.774098
-0.483651	-5.76574
-2.31575	3.54336
-4.81365	-2.43338
-6.0848	1.40486
-0.350077	8.70317
13.4099	-1.80672
-1.31425	-19.2344
-17.7702	-17.8484
-8.03732	-13.402
-7.25794	-10.7238
-15.7329	-25.9225
-28.1038	-17.1573
-18.0276	-14.3936
-18.893	-22.661
-23.5667	-23.9667
-22.9644	-5.34114
-7.70618	-16.7008
-14.7541	-2.44408
-8.78981	-7.38758
-9.40384	-0.392145
-1.84968	-2.90953
-0.549171	-11.1695
-9.98197	-17.0174
-15.2843	2.62762
0.658424	-25.2181
-23.2929	-1.93367
-5.15523	-17.6445
-12.3146	-20.0723
-18.0831	-16.9495
-4.63764	-9.07071
-10.8072	-0.0575457
2.12571	10.471
1.37156	-2.69628
-3.68267	-1.54658
-5.55114	-4.29154
6.13451	10.2381
-5.84545	-2.4829
-4.21609	-28.8023
-19.7447	-21.1442
-22.7697	-10.2397
-10.0557	-17.5301
-15.5042	-8.42217
-6.39203	-8.90288
-13.4378	-15.1854
-7.76161	-22.3319
-24.7882	-3.31724
-3.30411	-10.2466
-6.69502	-8.60806
-6.66663	-16.5092
-14.0013	6.11932
11.3666	7.32059
14.2999	14.2902
5.35952	-6.23199
-13.6556	-14.813
-12.9059	-30.8958
-22.6608	-6.66728
-7.45427	-20.8536
-1.28064	1.88519
-1.97682	3.54251
9.18313	0.189272
1.25031	3.08949
3.44855	1.47014
-6.76979	0.162103
2.00455	7.27286
-5.71458	0.576194
-6.75504	4.66077
10.5334	-0.500944
-7.67461	-2.48485
-7.63219	-4.80013
-6.58923	-30.1834
-27.4894	-22.4307
-22.2119	-5.48975
-11.7439	-1.604
-4.6776	-19.7792
-16.865	-12.6922
-7.72978	-7.96401
-10.1789	-28.3597
-27.7486	-18.013
-18.2068	-9.78914
-18.1175	-9.52403
-19.7061	1.91852
-3.03071	-8.61004
-10.0785	-6.17015
-4.69082	1.24581
2.96197	5.21371
5.59188	-10.6312
-13.6276	-24.4868
-21.2955	-11.8489
-16.8013	-27.9535
-24.4729	8.4834
5.3942	-20.1161
-18.6333	-9.37277
-10.1658	-17.6727
-15.1879	-20.5328
-15.3415	-27.6699
-23.8329	-7.95691
-12.4812	-7.4124
0.0750544	-7.85811
-9.41544	-7.03504
-12.853	-9.64847
-5.25819	-1.539
-3.81892	-16.7439
-16.9969	-3.91415
-8.54885	-5.31501
-1.22041	-9.76381
-5.66075	-4.78331
-16.336	-11.2055
-14.5572	-6.72454
-8.30639	-19.7032
-22.6039	-3.43457
-5.14807	-27.6667
-27.1406	-8.35918
-6.81322	-3.82894
-5.1895	-7.13384
-6.87755	-4.1455
-4.35808	-5.46629
-6.73194	-6.16422
-5.96115	-7.46936
-9.35578	-14.2751
-18.3352	-10.1907
-10.981	-33.1744
-31.7649	0.139125
3.58672	-8.41955
-4.2895	-11.0222
-12.0134	-18.1615
-20.8871	-9.56859
-6.87864	-17.9628
-16.3764	-6.31032
-6.06363	-12.6069
-10.4268	-15.8808
-14.8625	-5.41124
-8.90763	-9.00957
-5.31491	-7.956
-6.70231	-2.1864
-1.8909	-19.2347
-22.1407	-31.1087
-32.7613	-12.6166
-8.25023	-1.73949
-3.53109	-14.1844
-11.2357	0.458688
1.39142	-20.8427
-22.2706	-9.46616
-5.84841	-8.04558
-9.20198	-11.8255
-11.498	-10.0168
-9.66149	-12.9533
-13.8655	-5.14353
-2.68878	-6.98936
-10.2569	-4.9854
-4.53062	-15.5839
-10.2042	-10.2017
-9.48223	-2.63819
1.42063	-17.3956
-20.7031	-7.32766
-10.0612	-13.9113
-15.4616	-7.55724
-7.54974	-9.90088
-12.7893	-9.29006
-5.74102	-17.4551
-25.3939	-16.1025
-3.15187	-14.8373
-2.19617	-8.42469
0.937988	-3.86198
4.77351	0.364203
-3.88695	-2.68259
-2.15025	-34.2085
-32.504	-5.51262
-8.57621	-12.8365
-14.9474	-14.3759
-11.5671	-5.51354
-3.68015	-0.27832
4.75161	-2.7134
-6.15771	-19.3807
-22.4873	-11.7952
-20.9082	-8.48222
-10.2518	-23.5955
-30.3765	-13.7284
-15.5644	-19.7415
-14.5898	-18.0204
-13.1597	-11.8391
-1.31485	-1.99094
-5.56353	10.3974
6.2749	6.68219
6.78763	11.4204
8.87953	-18.9187
-20.1176	-27.4138
-28.2323	-8.51464
0.429384	-37.6975
-23.844	-1.15955
-9.09525	-8.02148
-20.0471	-9.94631
-7.86148	-1.4472
-12.3055	-11.58
-2.45972	-20.8995
-12.1528	-11.6901
-12.3359	-13.5188
-3.01391	-15.8333
-12.279	1.15307
-3.56968	5.40798
5.16542	7.86099
10.449	-22.1584
-22.587	-0.215864
-0.140401	-19.1459
-17.5043	-26.4278
-32.7382	-13.865
-12.5329	-27.9643
-18.3901	-8.97825
-2.12233	-26.468
-24.8456	-6.31929
-9.31796	0.0951855
-1.80306	12.9379
20.1318	16.8682
20.2754	21.5027
17.3558	8.99062
9.45832	-3.66164
7.12816	-5.60548
3.2715	-32.3522
-32.9322	-1.82719
-1.94739	-8.41476
-6.379	-2.96993
-6.32735	-7.81269
-2.83295	0.0736983
-9.13097	-22.0528
-25.0559	0.407049
1.81619	-3.46884
2.19789	-14.0873
-15.8354	7.48335
10.1477	-8.01034
-7.6834	7.39926
0.381941	3.13608
3.78217	-7.68852
6.54106	-3.75519
-3.15446	-19.9514
-21.3781	-16.7993
-15.8916	-0.735289
-0.44073	-0.937706
-1.68389	1.99743
1.92185	8.71812
-1.99657	-1.6288
-0.510013	-2.22083
-3.45481	-8.07179
-14.9084	-2.40166
-19.106	-7.82727
-6.43668	-15.0902
-14.1449	-8.36454
-6.95864	-12.2386
-9.08584	-3.7425
0.298528	-1.41555
2.98409	-17.5794
-15.956	-7.4098
-12.1764	-11.5545
-12.1589	-33.6422
-33.9256	-8.66895
-0.847083	-6.12458
-6.88011	-14.2757
-16.7162	-18.1921
-22.4496	-3.17322
-0.958941	-18.9108
-23.5402	-5.93122
-5.0333	-8.93402
-10.0376	-5.97194
0.620216	-6.40853
-6.66733	0.782157
2.20111	5.04806
3.85031	-16.1247
-15.9358	-22.5619
-26.1811	-5.14935
-7.71128	-15.3554
-12.8614	-13.5414
-15.2139	-2.71261
-3.17224	-14.1736
-15.0555	-23.2241
-23.4053	-9.17633
-7.2126	-30.0853
-28.4748	-18.853
-20.192	2.0832
-0.908403	-9.07995
-8.42569	-6.91549
-5.23211	-5.53099
-8.38791	0.191095
-0.961453	-17.664
-19.0326	-3.89958
-3.422	-18.5351
-21.7401	-11.4031
-10.9785	-8.70469
-5.98802	-14.3763
-17.8335	2.17937
3.7093	-15.1467
-16.7925	-13.7014
-14.8324	-19.7988
-16.4223	-9.74037
-3.12645	-14.944
-17.7531	-10.1523
-10.5861	-9.1939
-9.55506	-4.72278
-3.89872	-5.56987
-4.3646	-16.1062
-13.8997	-33.3046
-34.7626	-2.74823
-8.64919	2.24337
-1.47051	-16.1929
-9.82036	-8.76788
-5.30506	-14.9416
-15.5244	-29.0027
-27.37	-11.6207
-11.6553	-19.8995
-6.07974	-6.97187
-2.62396	-8.58523
-7.26378	-2.27761
1.78362	2.06891
-0.282776	-5.2594
-0.226308	1.54499
-3.51333	-19.5436
-21.0187	-20.4039
-18.3293	1.64298
3.60746	-8.85104
-7.51223	-12.4535
-9.95787	1.45956
10.2043	-3.61105
2.55823	6.84354
5.41486	7.59822
3.39661	5.19564
1.55896	-2.10072
-2.69235	-3.14319
3.42081	-0.204653
2.94591	3.57055
-13.2096	-24.8073
-19.0914	-14.3216
-7.09156	-24.0789
-19.0916	-13.8581
-5.55427	-9.57845
-0.591353	1.21706
-5.20938	1.26676
-11.591	0.924391
1.88025	2.81466
0.460532	-0.164322
3.90852	7.10542
11.7393	0.830905
4.61848	11.6932
7.87374	-10.9722
-13.9316	-32.7573
-25.5232	-5.08749
-2.22942	-29.0401
-37.6179	-14.6621
-13.2491	-25.6096
-29.5113	-18.8232
-19.3926	-24.5962
-22.2604	-14.4654
-13.4078	-16.956
-16.9082	-1.43901
0.0689085	-18.7228
-17.4791	-3.05934
-5.00083	-6.96868
-8.13063	0.187171
-2.0025	-2.13903
-2.45703	-20.1499
-15.0214	-7.50187
-5.53437	-2.35097
-8.76848	-16.9532
-17.0332	-1.82254
1.06358	-16.6012
-13.0089	-9.45299
-11.5581	-20.0141
-13.55	-10.5358
-12.3615	-5.46876
-12.0694	-5.72124
-8.03843	-11.7199
-10.4017	-6.13802
-2.20363	0.254111
6.32528	2.34855
7.30718	13.1594
15.4218	-19.1298
-16.7184	-21.2034
-21.2102	-6.77511
-8.88763	-35.2112
-33.0318	-16.4334
-13.4707	-19.2369
-19.503	-19.8098
-19.6475	-11.6551
-14.3888	-1.46958
5.97063	-16.8754
-14.0016	-21.9111
-22.7784	-10.4831
-9.13746	-10.5566
-6.16324	0.585955
0.0720157	1.06364
0.855979	7.30041
3.46776	-7.81588
-14.8995	-14.7195
-10.0081	4.61172
-1.17162	-4.95189
-8.25792	-1.34043
-1.18368	-4.68654
-3.15675	-0.204203
-2.13094	9.26887
11.2912	-2.98507
-7.71552	-0.830105
0.422239	-0.344262
-4.12614	-1.2976
-6.99221	-3.21727
-9.44631	-3.55063
-2.76608	1.77843
2.63363	2.6844
3.3821	-15.535
-14.5616	-35.3615
-31.2041	-18.0362
-16.794	-6.00579
-7.52516	-15.3668
-7.47647	-26.5051
-23.473	-28.4725
-27.7727	-23.9426
-20.6289	-11.3906
-12.0152	-12.7104
-15.5902	-22.818
-18.377	-1.08242
-1.86507	-3.59296
-7.27107	-11.0304
-11.705	-0.618038
-4.66907	-1.49648
-4.92032	-16.1096
-15.2855	-28.4552
-29.0704	-8.84359
-4.0294	-23.7068
-27.0407	-14.5357
-24.4914	-7.6539
-10.1782	-2.28838
-1.50686	-15.8155
-13.809	-6.1563
-3.75721	-6.30039
0.325918	-3.2385
-10.0227	-8.59809
-10.8829	-9.35172
-4.07005	-13.6519
-7.81578	-12.2938
-9.77063	-3.95929
-5.47422	-11.2336
-11.5564	-35.0344
-35.2292	-11.8266
-8.70794	-12.331
-9.75289	-2.16119
-5.02806	-8.54361
-2.84987	-8.29663
-13.3841	-26.3016
-23.364	4.03127
-0.149137	-15.8582
-14.1865	3.87214
3.68911	-14.8816
-14.0565	-8.80772
-3.06701	-10.2841
-9.82124	-14.7912
-10.9583	0.100558
-3.94902	-11.7312
-10.6716	-13.3553
-11.3587	0.860082
0.991508	-15.1889
-12.3509	-12.9744
-11.9235	-8.92574
-14.52	-14.4785
-14.2962	-15.2689
-9.23994	-7.68174
-8.83254	-14.419
-6.92295	-1.44055
-0.152887	1.59265
-1.85971	4.63451
-0.326904	1.7286
5.20027	1.78579
5.09091	0.439919
3.56409	-31.0926
-28.3083	-15.5447
-8.21617	-1.07355
1.33673	-4.91849
2.49667	-2.5002
-1.68221	0.600658
-3.53386	-1.79253
1.76607	0.142718
-6.24278	-0.823984
-8.09244	-0.600105
5.87254	-6.64424
-7.64906	4.61183
0.303342	-9.6743
-19.9268	-6.54827
-1.90014	-10.1392
-4.93437	-1.48023
-4.01569	5.61622
8.27889	-16.2376
-17.2834	-22.3458
-16.2019	-13.914
-14.7397	-20.6362
-25.928	-24.6075
-23.734	-25.9414
-38.0302	-19.8463
-18.2901	-12.6785
-13.162	1.96003
-2.23462	-17.5427
-17.0742	-21.909
-19.1484	-12.1134
-10.8499	-0.790834
2.86248	-5.1603
-3.28911	1.49043
2.11004	13.9675
13.7748	-10.6467
-15.556	-7.48658
-2.1288	-26.3825
-28.7389	-17.9322
-16.8763	-9.55517
-8.97332	-35.6007
-35.0371	-2.54296
-3.63726	-17.5474
-14.679	-6.3346
-1.7993	-22.0023
-21.6082	-18.1353
-17.0985	-16.419
-17.8867	-8.1032
-6.26162	5.32677
1.88023	7.35122
6.80335	14.4551
13.8142	-24.4318
-25.7365	-36.6696
-36.7144	-6.34331
-0.208603	-3.84522
-7.5257	-8.68376
-5.09545	-14.2317
-8.80236	-7.17284
-21.5918	-18.1073
-14.7869	0.933616
0.76918	-8.41386
-7.58244	10.07
11.4175	9.21633
11.124	12.491
18.6798	11.7226
0.309355	1.5352
-2.32402	-4.10038
-2.83562	-22.0092
-16.3502	-31.2689
-32.2939	-4.05724
-8.09432	2.16293
-8.49443	-0.679732
7.31985	1.26225
5.81571	-4.51817
-0.00980886	0.969007
-1.13327	7.83494
11.2787	-0.801995
-4.49833	1.93799
4.45819	-4.51845
-3.56182	-3.53585
-4.46844	-6.77509
-7.26334	2.09434
10.5928	12.6206
6.92505	-18.9834
-26.8022	-7.14424
-11.9745	-7.09232
-3.86029	-10.7969
-6.77875	0.941373
-2.74519	-0.0698159
9.33777	-6.54221
-2.0179	-0.576491
-9.91424	1.0774
1.40337	-1.41207
-0.776661	4.60262
-4.59806	-1.4184
-7.60313	7.23478
-1.57821	-4.6248
1.26549	5.59311
6.74315	6.4568
1.28094	-12.3558
-14.5938	-27.4367
-28.6129	-23.6605
-20.6433	-13.9138
-19.4574	-12.5593
-15.016	-4.78669
-6.13305	1.52255
-13.4826	-19.3034
-19.956	-19.6782
-16.7771	-22.6098
-20.7553	-2.36491
-7.60931	-13.0529
-12.388	-2.21496
-6.27866	-5.55562
-12.5924	1.66767
0.69693	-4.03873
-4.5375	-14.627
-14.4744	-6.04021
-10.1616	-10.2648
-10.2782	-26.6986
-17.5915	-22.5815
-18.9658	-32.0882
-28.5048	-3.93092
-11.7647	-10.8165
-12.6888	0.106824
4.10736	-9.77453
-6.95404	-4.64588
-13.7932	-10.7717
-9.38292	-5.9685
-4.63191	0.488597
-5.89738	-10.2382
-10.4995	-6.0746
-6.63043	-17.1887
-19.0026	-32.1396
-32.9556	-14.6729
-12.9939	-8.07231
-3.92349	-5.651
-6.37607	-12.4591
-10.45	-0.385123
-1.18794	-17.0531
-17.6141	-9.13288
-12.4704	-11.4139
-11.1286	-2.936
-0.239125	-24.2578
-20.2996	-6.27466
-4.24732	-5.7521
-6.75175	7.25756
8.8149	-0.961142
-5.5904	-13.1765
-13.1756	-17.8456
-20.3337	2.58902
0.549833	0.0802467
5.56779	0.553063
-2.06755	-2.12994
-1.69441	2.65788
0.120716	-3.57371
1.51431	-3.84891
-5.39938	-0.854436
7.54518	-6.6518
5.53723	-5.7197
5.80021	5.94321
6.44168	-0.696665
-0.725948	0.0457222
6.88738	-4.16527
-4.83822	-2.57084
0.76954	-17.5528
-24.0828	-14.6553
-15.9252	-18.0509
-14.1724	-38.8235
-43.7679	-9.76643
-19.6302	-9.66244
-7.98282	-27.112
-17.7608	-13.9297
-20.9204	-18.7968
-7.09643	-18.7554
-18.2528	-9.50001
-8.72619	-8.49798
3.87062	5.82673
7.31494	19.3173
21.2887	10.1977
10.1184	1.20515
-2.60207	-18.0702
-16.1971	-24.5681
-24.5972	-0.788599
-1.74202	-37.6642
-35.505	-22.9214
-22.0771	-12.3471
1.14717	-25.4423
-36.8663	-14.9513
-14.5538	1.03891
-0.358726	0.750607
-3.80857	3.96723
3.48445	1.53388
-0.330947	10.9464
7.80653	9.8067
11.6221	11.4452
17.4511	6.78964
8.74978	-16.2467
-15.8733	-18.959
-18.3607	-10.1077
-8.77757	-16.369
-17.3008	-12.188
-7.24477	-31.8059
-30.9915	-9.47005
-11.6336	-18.5244
-14.7373	-3.73972
-7.95643	-10.3136
-5.84339	-16.5533
-10.7031	-10.3832
-13.3472	-9.66593
-7.83396	-8.63773
-13.2185	-6.49825
-6.92956	-1.98853
-4.45878	-25.1383
-25.933	-28.4661
-27.1363	-11.6013
-12.0949	-20.2073
-19.8935	9.74276
9.90071	-11.1753
-9.99607	-13.1054
-13.7641	-13.0017
-15.0313	-6.46579
-8.0461	-8.92236
-9.83305	6.86562
1.07262	-18.3265
-10.1456	0.612826
3.70694	0.0865208
14.7977	9.94405
11.6329	2.44597
3.11379	-22.4467
-24.4284	-10.9054
-11.316	-11.6438
-10.8059	-10.3204
-12.1107	-0.211283
4.59196	4.74948
-4.82417	-4.97763
-8.94238	-6.31425
-6.01877	-4.86141
-9.86838	-4.14199
-0.437429	-1.88539
-1.53099	5.54529
-1.55617	-0.951618
-4.63996	-2.53501
-3.65325	4.64484
1.22539	-3.03673
-6.91309	-31.8406
-33.2379	-11.5346
-11.0492	-2.89192
-7.57893	-8.06798
-3.24377	6.98542
6.9295	1.31657
-3.22593	-4.45882
-4.00084	0.581443
1.45501	-8.31369
-6.51081	-2.3579
-9.9491	-2.91836
3.575	-4.06413
-8.72691	-9.14215
-0.975571	1.54542
5.21739	11.6623
11.1099	4.89224
6.03888	-22.0508
-22.6066	-2.67943
-3.39107	-21.6128
-21.9576	-33.2869
-33.6053	-6.09764
3.68191	-5.59703
-5.42756	-13.1939
-17.7315	-16.3143
-16.8321	-1.92895
-9.40431	-11.4903
-13.1057	-9.92643
-16.8645	-0.434933
2.17328	-12.8052
-7.04269	0.102372
2.69769	8.09098
9.35173	6.46966
2.34824	-26.8895
-13.2062	-21.3828
-28.7562	-16.306
-13.256	-22.8163
-21.092	-1.27108
-0.376841	-14.2434
-13.9557	-1.79507
5.1533	-15.3717
-6.84308	-18.752
-18.1062	-9.60393
-6.62056	-13.932
-5.81939	-6.86197
-14.2769	-2.34463
4.60182	3.14213
4.12627	-0.753446
-0.789802	3.72509
-3.02042	-19.9719
-20.0492	-23.9391
-17.0608	-3.56638
-9.03979	-13.1399
-20.3285	-27.7304
-34.4495	-13.1983
-18.981	-7.99596
-10.2769	-18.8168
-7.73976	-13.1665
-4.09272	-13.2964
-14.4879	-13.0551
-9.21822	-9.26474
-14.7249	-4.66384
-8.39715	-8.69223
-0.774625	-10.2787
-5.89296	-7.82915
-3.78592	-7.95387
-11.7961	-22.3337
-28.6373	0.871196
2.30698	-30.5199
-32.4708	-13.9526
-13.4429	-16.8465
-6.17803	-0.963324
-2.50095	-24.3512
-23.6613	-4.06543
0.62003	-5.886
-9.35949	-11.5769
-9.66971	-8.28038
-7.89956	-11.3129
-12.4623	-6.66857
-6.96985	-7.61855
-7.13708	-2.41673
-5.151	-15.304
-15.0024	-22.8152
-23.9841	7.3072
4.69307	-11.0821
-7.87505	-11.7556
-19.0437	-25.6735
-11.6281	-17.2056
-17.2346	-21.5782
-23.5686	-13.0762
-10.0424	-17.8882
-17.3719	-9.77797
-5.99575	3.61168
-1.94412	-6.07955
-0.975514	7.01826
3.57557	10.9553
11.3583	4.52106
9.88794	-9.36852
-9.65957	-16.9704
-18.213	-8.55631
-13.4954	-16.7539
-24.4029	-10.721
-6.04747	-27.4944
-25.645	-7.88559
-5.80449	-18.0878
-19.0699	-6.66834
-0.85443	-14.3548
-10.2164	-18.7469
-6.16823	-8.00819
-9.48983	-4.72979
-5.53789	-11.8853
-6.87284	-10.0737
-5.38355	-3.47436
-5.60377	-13.5139
-14.3629	-0.66814
-1.39533	-9.05467
-8.33828	-37.5094
-36.8526	-9.63368
-7.64298	-30.6864
-22.281	-8.9697
-8.59648	-2.71937
-10.0722	-0.0445797
-5.28653	-8.09577
-10.0115	-17.3046
-12.9841	-7.47434
-7.82852	-16.342
-19.058	5.5184
2.1534	-2.77175
0.926557	-8.31507
-6.07238	-10.0247
-18.7542	-2.80093
-4.97782	0.374943
-7.96417	-14.1975
-8.27063	-1.00495
-8.06598	-4.48501
-4.88045	-0.553088
-3.64505	8.06464
3.74485	8.55547
0.967692	2.01252
-1.2938	4.64179
2.63327	3.49839
1.81859	-0.985235
3.93976	3.48289
-3.35306	3.40049
5.48878	0.0513337
-1.46983	-31.9242
-32.9723	-11.2227
-10.0178	-12.6308
-7.1736	-4.71913
-7.25269	-7.36938
-7.93327	-4.79431
3.28744	-7.21896
-0.946328	4.13974
-3.82958	-4.68433
3.057	-5.74429
4.26209	3.27151
0.481909	1.4798
1.72016	-4.31096
0.898343	0.231218
2.93433	1.22572
0.928844	3.33309
-5.86316	-6.42165
11.0406	4.25888
3.5291	-10.4518
-9.73476	0.332974
-3.19348	-29.1787
-30.4861	-12.8565
-12.0603	-8.98605
-10.5451	-8.78113
-7.02775	4.9257
-3.0721	-15.4273
-14.5297	-3.22194
-4.54672	-26.8353
-13.4392	-5.25647
-8.38989	-19.3652
-21.1301	-19.5862
-19.0516	-6.41287
-9.97166	-1.33116
-1.27296	10.5879
9.00922	10.2512
11.2698	8.60165
8.29248	-24.7219
-26.2923	-19.7515
-22.8139	-20.9908
-18.1682	-26.1386
-24.424	4.10319
1.01844	-10.1811
-7.71267	-11.5705
-7.33636	-16.5645
-12.4496	-9.52279
-11.5736	-11.6491
-14.4857	-10.305
-10.5965	-2.68728
-0.0901755	14.3321
12.8171	9.06814
10.2904	12.851
12.115	1.21014
1.48416	-27.736
-27.2862	-5.47728
-5.02086	-22.361
-17.8135	-30.3298
-32.4955	-13.0468
-23.3298	-19.4176
-33.0386	-4.7744
-10.084	-13.569
-12.2533	-14.91
-15.2292	-16.9764
-16.5148	-14.6746
-19.7363	0.321252
2.22811	0.690852
-9.16437	-1.83719
-5.55161	14.7905
9.50381	4.83498
1.60938	-16.0816
-16.7422	-18.4974
-21.7747	-7.39112
-5.6777	-33.7265
-18.0005	-14.6479
-7.85874	-16.6443
-1.73337	-1.0707
5.01313	-0.7094
2.02021	8.0456
-1.84725	5.97546
3.4935	-4.63009
-8.63463	-1.90971
-9.00563	5.54543
-9.03228	-1.59952
-0.758516	-0.0428827
3.18248	2.44514
3.33484	-25.6781
-25.1176	-28.7501
-27.3023	-10.7346
-13.4379	-32.7846
-28.205	-10.933
-15.5463	-11.1579
-9.37696	-19.91
-20.2007	-27.5981
-26.2381	-9.10004
-4.04488	-24.0307
-23.7344	-15.4449
-18.0324	-4.38892
-3.73907	-6.63414
-6.69375	-1.50837
-0.884838	-8.91646
-1.75474	-5.09217
5.32328	-11.3923
-8.6123	-20.3399
-21.4429	-9.30471
-11.9133	-18.0812
-19.8261	-23.0424
-20.9558	-16.6845
-15.2152	1.15856
2.09674	-19.912
-22.563	2.91065
9.37678	-19.5324
-24.0798	-10.8294
-11.5436	-5.5153
-6.70929	-13.3999
-16.048	-10.4387
-12.1068	-4.93503
-5.57284	-5.58162
-7.54206	-24.9961
-25.0166	-31.0262
-30.3876	-7.03775
-9.87111	-19.7698
-21.7386	7.97766
9.39252	-4.26324
-4.20856	-10.4619
-6.54338	-7.41823
-12.2991	4.08059
7.01786	-20.7373
-20.3687	-13.0923
-11.495	-24.0393
-22.5582	-5.64819
-1.45558	4.40343
10.0385	10.843
12.9352	5.21297
1.51677	-25.4445
-24.7127	-5.82525
-7.05891	-22.4932
-21.6142	-28.0504
-35.1535	-14.0015
-15.9312	-25.9825
-23.6624	-6.53756
-17.1654	8.49497
15.7588	8.35515
7.6606	7.18007
13.1902	10.8324
-9.59727	-3.14715
-5.23129	-4.53331
-12.1904	-6.34656
-11.4318	8.5378
8.71497	-21.8048
-15.8403	-5.34703
-4.87892	-16.4249
-13.1263	-18.1254
-17.994	-2.14466
-14.1425	-5.67961
-3.80781	2.26119
0.808859	-1.87003
-5.85216	-1.60123
6.36388	-15.4266
-15.8726	-18.3442
-18.1402	-8.45001
-16.8918	0.191194
1.92788	2.86359
-0.902633	-8.72034
-21.7654	-15.5225
-16.6703	-10.5751
-13.9274	-12.5095
-11.6833	-11.7963
-17.8552	-11.8195
-13.5667	-8.98877
0.170501	-10.1707
-4.54047	0.13585
-1.75195	2.62974
3.32951	10.8606
8.25002	-8.80482
-8.93792	-19.5976
-17.6809	-5.18601
-9.00351	-8.62898
-6.75809	-12.5273
-11.185	-15.0614
-5.09043	-9.20569
-11.2573	-11.9955
-0.943718	-9.09528
-7.49396	-4.17074
-6.06424	-15.3098
-18.6464	3.79211
1.92851	8.42162
8.57739	18.7455
15.803	11.1472
13.6882	6.19964
9.88066	-24.393
-24.2042	-26.8168
-23.3505	-18.0194
-18.0436	-37.8821
-28.4815	-3.94794
-3.19622	-18.6399
-10.245	-20.0671
-11.6544	-14.8486
-9.05129	-3.09617
2.36651	4.21791
12.838	1.03886
1.53296	9.04462
4.74681	1.09891
-4.94706	4.69435
3.16024	0.516825
3.9443	3.65463
0.10312	-30.2505
-24.7667	-7.43896
-14.7077	-10.0151
-7.3075	-5.0814
-3.82981	8.9262
9.65374	13.7196
8.73954	-0.727507
-1.15429	12.6472
3.34795	5.90811
2.33817	-11.3717
-10.4945	-23.6714
-20.5965	-0.959059
-4.82418	-0.483626
-3.14071	7.08162
-2.92539	11.9049
1.77272	4.41435
5.26381	-4.59145
-15.243	-2.78279
-2.67738	-10.3415
-14.8443	-26.355
-23.4996	-16.5327
-19.5457	-37.1943
-32.325	-6.65822
-7.01887	-20.4177
-22.6181	-9.22064
-10.3537	-10.5356
-16.1946	-2.74157
-10.1254	-14.5112
-15.5361	-1.81524
0.712982	3.84813
6.0893	6.13607
-0.978882	2.35235
4.06613	-32.7665
-30.4637	-14.4389
-12.0225	-5.12461
-2.51671	-9.20714
-4.5497	-3.27684
-0.118116	4.40374
5.7157	7.45996
-3.10766	-4.08074
-1.66131	-0.462481
-2.89462	2.52539
9.04045	0.419901
4.1548	5.57635
19.6549	19.7436
22.9923	13.2541
13.0094	4.76179
7.4412	-3.78647
1.84802	-19.8973
-12.4545	-1.38918
-1.51572	-4.22169
-4.73391	-15.0357
-12.6027	-18.2741
-12.0238	-25.1277
-29.0119	-12.753
-15.0356	-15.2863
-21.6244	-13.867
-15.2347	-13.3403
-15.3287	-22.6521
-21.9385	1.91682
6.65701	-6.67262
-5.61966	2.65891
1.42495	7.08523
6.76581	8.32094
10.7293	-20.9059
-20.4133	-16.026
-15.0958	-18.9576
-16.2757	-36.4499
-34.8785	-11.2132
-17.8198	-11.03
-10.8842	-23.5581
-30.1793	-9.9769
-6.49331	-5.73528
-9.96175	-10.073
-12.3899	-13.168
2.56328	-5.69319
1.91153	-1.22344
-6.504	1.46961
-0.723793	1.80587
-4.04793	3.80238
9.65664	-18.7274
-21.2244	-14.3043
-12.4398	-1.1771
-1.05749	-1.61689
-8.43491	0.0106738
1.12977	-6.3125
-18.1346	-7.0409
-6.67411	-4.90915
5.18671	-14.6024
-18.4645	-11.8085
-6.99273	-15.1424
-23.4149	-10.8436
-7.87614	-5.67585
-10.077	1.41432
0.126786	-2.93132
-2.52616	4.38644
2.65679	-14.9046
-13.0501	-27.9078
-29.391	-14.4589
-14.9268	-11.0334
-9.88616	-6.82479
-3.27429	-17.9336
-18.9464	-12.369
-16.1801	-19.7937
-15.9073	-10.521
-8.58037	-8.37011
-10.8133	-8.55423
-14.5496	-10.4768
-16.0146	-4.96078
-8.31211	-9.99612
-9.87759	-9.07089
-6.90949	-7.95214
-8.86441	0.295489
-0.0349663	-17.3983
-15.1542	-24.7949
-21.0813	-13.1314
-12.5187	-15.2972
-16.3317	-28.6091
-24.1407	4.02512
4.53254	-7.44135
-15.172	-8.75505
-5.84583	-3.27115
-9.56559	-8.35204
-10.9925	5.46073
-1.33	0.63012
-1.67991	1.58038
-1.46791	-3.77958
3.32355	-4.41714
-7.83106	-10.6501
-7.60871	1.4744
5.13249	1.94134
1.41202	0.161347
3.43657	4.04494
4.63288	0.578793
-2.52437	-4.736
1.44955	2.00047
-0.247193	-8.20421
-11.1334	0.76071
2.52614	9.81869
11.4337	7.9838
11.7934	-10.3586
-11.2138	-19.7874
-14.9755	-3.47439
-4.95864	-26.8761
-28.1239	-20.8866
-21.5643	-34.157
-29.7729	-22.3174
-22.0599	-15.2581
-22.42	-12.8475
-12.5742	-14.5684
-18.4639	-9.7527
-14.7834	-1.9828
-1.47677	27.3155
5.18281	-9.97198
1.03382	-9.92317
-0.375989	-2.72361
-3.75233	-7.09496
-9.19839	-26.4311
-25.2045	-31.1527
-25.9362	-12.0644
-28.0979	-11.6573
-23.128	-12.9865
-29.7354	-6.32162
-7.72976	-28.4112
-27.4734	-8.41699
-11.9833	-20.3212
-8.48245	-1.22456
-1.72061	2.21625
-0.397374	-0.218164
-1.67095	-0.445227
-0.504569	10.5583
9.17684	11.8661
10.3731	-10.2132
-8.28534	-27.7583
-26.0153	-20.3675
-14.1905	-20.054
-11.4749	-13.6246
-11.9816	-11.6158
-6.3756	-4.57234
-9.27651	-12.4356
-12.4959	-8.67581
-14.274	-7.26753
-16.2757	-8.92515
-6.46816	-4.22676
-0.539302	8.02479
12.2265	18.6577
17.04	7.39562
-1.99712	-14.9246
-12.1403	-21.3612
-17.8547	-25.0044
-23.0907	-14.3565
-18.1902	-14.91
-16.6941	-17.536
-21.1566	-10.6368
-4.33911	-7.46553
-7.27269	1.62849
-9.96504	-8.23733
-13.1475	-4.15087
-7.80057	-4.63149
-8.76975	2.36797
1.24508	0.554702
0.693258	2.14319
0.935098	1.92504
3.20046	4.05846
11.2643	-13.9783
-15.1509	-25.0119
-25.4562	-12.9942
-9.91683	-19.8489
-19.639	-8.78112
-4.6057	-3.08599
5.95295	1.95143
-0.440312	-1.06997
1.87098	-17.0352
-0.672457	-5.94628
4.92522	-7.05995
-1.71656	-13.2602
-0.379383	-6.93681
7.2451	8.59696
3.33518	-0.898629
-7.38694	4.1261
2.70692	-10.8901
-14.6953	-32.3786
-31.9987	-17.1923
-18.2841	1.53253
-0.662056	-10.6942
-13.6497	-4.21754
-8.87747	-12.2034
-21.8394	-11.3669
-18.2803	-7.00819
-10.8848	-15.8564
-16.4049	-20.6693
-19.7523	-8.29281
-2.87735	-14.5284
-12.9272	-7.66864
-9.44369	1.83353
3.12779	-0.910834
-2.43268	-9.13925
-8.26297	-26.2114
-27.402	-21.8009
-22.2491	-11.5227
-9.66557	-16.0423
-14.2248	-8.14194
-7.81914	-8.25349
-8.94138	-9.74684
-6.70667	-25.7331
-20.4436	-21.2827
-18.6141	-8.38598
-7.43603	-12.6908
-12.6469	-16.6597
-14.419	-6.5637
-7.08165	-8.07986
-4.26106	-3.17547
-1.9671	-10.8818
-12.6462	-22.7815
-20.7479	-12.6023
-13.8515	-32.8565
-34.6435	-18.5148
-15.7158	2.69077
-3.23204	-10.3845
-14.0326	-15.0404
-20.2208	-7.01638
-1.12404	-13.198
-15.615	-3.79397
1.30231	-0.388236
4.9557	-4.59343
-5.21775	-4.25237
-4.72782	-16.1145
-3.63738	-0.119453
0.643981	-15.3107
-15.8319	-18.8551
-20.8224	-9.65949
-11.1274	-37.5405
-36.7944	0.991293
2.28144	-9.73942
-9.4751	-10.4695
-10.7627	-17.9247
-18.9782	-11.1004
-11.177	-20.3048
-15.9977	-16.7724
-24.5034	-4.58221
-2.29387	-14.2214
-15.2497	-4.54785
-4.48429	-8.88158
-5.43562	-5.87631
-7.46792	-9.34153
-9.1299	-11.8964
-9.407	1.33048
2.08078	-16.475
-11.9056	-14.4954
-12.7732	-19.3974
-7.79643	-15.8934
-18.3981	-9.41856
-21.2966	-3.76213
-3.62412	-8.55649
-12.2796	-2.41387
8.25552	-3.38436
-5.81921	3.67299
0.89776	1.6109
-0.145644	1.68215
0.528224	-1.95287
0.0165125	-36.6815
-31.8878	-4.80748
0.334491	-4.2425
0.946958	0.0230504
-2.69527	-12.2008
3.37726	-6.258
-5.38796	-7.16468
-7.85809	-3.22558
1.09718	-2.01294
9.44819	4.28306
-5.44536	4.79976
-1.8669	-5.18652
-4.55434	-2.23084
9.01293	1.93737
-6.11384	0.648825
1.23891	-1.16135
-5.73221	-1.75431
5.82561	3.63612
1.07724	-7.15983
-3.97791	-22.7765
-21.264	-1.111
-0.870076	-24.319
-29.0043	-23.1369
-22.7807	-28.3315
-29.8636	3.16053
2.6812	-8.96392
-7.1319	-8.399
-11.7638	-12.344
-13.6258	-20.3932
-19.5089	-13.5991
-13.6131	-13.439
-12.6538	12.368
10.5808	5.78965
2.55484	7.88969
8.0743	-11.0558
-9.01274	-24.198
-24.4342	-21.2223
-26.8995	-18.2992
-13.2635	-11.9778
-9.47659	-29.2946
-27.0719	-9.23509
-8.90635	-2.4356
-0.344181	-6.82939
-6.07364	-20.6352
-13.4858	-11.2493
-13.6147	-12.5667
-12.1617	-11.4761
-10.4392	0.861985
5.05241	4.00904
1.84351	6.15132
8.37942	-25.6956
-25.9119	-36.3354
-36.4221	-7.08529
-7.53336	-5.48258
-3.95109	-4.16344
-7.77289	-8.32619
-1.79376	-2.65214
-6.41738	-18.4778
-23.0327	-1.18423
4.54818	-19.6212
-11.6606	-4.56302
0.554083	5.49157
1.19286	12.257
21.0539	18.9203
18.2378	16.3838
16.8636	-3.10714
-2.02946	-24.8848
-23.9449	-11.3193
-9.05816	-17.4248
-15.0331	-23.9632
-27.7654	-12.284
-6.80771	-20.0869
-14.7099	-15.3594
-6.60477	-20.9135
-21.8027	0.551888
4.7968	-8.89043
0.00590401	-2.86224
-4.55229	7.98104
4.563	5.37225
9.20232	15.0339
6.24872	0.981406
1.58104	3.87024
9.48121	-16.3499
-14.8777	-18.6546
-23.8485	-8.10638
-9.56432	-34.6633
-33.0926	-12.5452
-13.7446	-14.6547
-17.5694	-2.05078
-5.06191	-14.2359
-20.0084	-1.45074
-13.1469	-19.4954
-16.2051	-15.019
-19.1287	0.973224
-15.0499	-10.9154
-1.88946	-3.61212
-8.3507	-2.7622
-0.908774	9.08457
9.36982	-7.80791
-9.41289	-17.9478
-17.7832	-7.74983
-7.5324	-20.7237
-24.4255	-22.0506
-16.8234	-25.636
-33.598	-9.19195
-3.02103	-8.9693
-12.545	0.497346
0.131377	-18.4366
-18.9509	-20.1029
-15.7534	-9.16031
-5.67827	4.33699
4.93361	9.04485
9.78272	11.7746
16.0042	7.14143
9.81579	-17.3397
-13.6192	-15.5718
-9.73837	-5.85709
-4.08713	-18.514
-17.2909	-15.4953
-15.5316	-11.8053
-1.25665	-2.5565
-7.02935	-24.5408
-22.9418	0.0580358
0.771994	-12.4986
-7.1653	-3.47325
-4.58147	8.44974
4.70147	9.96508
11.2588	20.4505
7.43617	7.04093
12.9929	7.73057
5.30737	-10.9838
-14.2336	-14.9576
-19.5743	-1.84933
0.714904	-1.84418
-1.54507	0.312155
1.06689	5.48578
-8.03495	-3.11884
0.309183	-6.19731
-12.4914	-18.5711
-16.8128	-3.38963
-10.1726	-13.1875
-13.5961	-13.7354
-14.1037	-12.6258
-1.97992	0.396238
-0.648157	-2.95462
-1.62512	1.0317
0.609352	-10.6831
-11.8042	-9.52848
-7.78352	0.70575
-1.83153	-29.3436
-34.2647	-2.80318
-4.69916	-23.5618
-22.014	-17.8252
-15.2155	-8.21655
-9.10423	-16.1952
-14.3406	-6.31527
-2.28783	-19.2428
-15.1189	-14.1455
-14.5091	-20.4847
-21.7771	-5.34488
-10.6555	-7.38065
-5.39869	-1.84015
1.60961	-5.46177
-8.28208	-11.8067
-8.62975	-8.33607
-9.19804	-32.9712
-32.1326	-19.566
-16.6939	-32.6826
-33.9822	0.0233007
-4.65244	-7.11166
-9.12863	2.11785
3.71279	-3.86378
-4.43049	-14.9282
-12.1254	-4.42638
-9.26103	-5.53073
-5.30752	-7.24699
-7.21599	-2.57739
-2.06009	-14.2328
-7.99221	-20.5915
-23.4658	-2.81719
-5.46923	-5.7175
-7.26208	-15.1904
-10.7563	-5.6273
-9.41812	-9.15075
-3.69853	-4.91074
-3.9345	11.6165
8.70486	3.2114
7.70339	-1.26061
-1.62408	3.82173
4.54948	8.33728
4.23606	-0.853229
-1.46925	-3.91595
-4.25817	-2.19456
1.34755	-1.11877
-3.35538	-21.4918
-26.6371	-12.135
-13.5773	-1.2612
-0.386054	-14.8332
-11.2454	7.05804
4.05758	-1.83607
8.03586	-11.0153
-6.79028	-6.34625
-15.5212	8.82994
15.8002	-8.83363
0.314772	5.43039
-0.69368	5.4157
10.0984	3.17313
5.60452	8.59829
-3.5119	2.28756
-6.57511	1.80357
-3.00675	-1.33463
1.04432	0.754221
-0.180716	-1.83432
0.0764234	-6.24793
-2.84126	-4.41847
-8.66674	4.99214
2.20333	-2.22175
-1.09025	-1.62839
-1.39925	0.83773
-2.3575	10.5042
10.2261	-21.942
-19.571	-15.2612
-12.3617	-3.71348
-0.00284666	-34.0971
-30.1058	-6.84849
-8.39111	-32.9056
-33.0035	-15.2016
-17.9208	-14.2069
-15.8612	-17.2039
-16.2726	-16.4149
-16.4835	-18.7528
-20.4022	-11.9728
-12.554	-6.11267
-7.823	-2.05811
-1.63685	5.55911
5.2923	8.05613
6.27046	-16.1835
-14.6469	-16.3605
-15.8644	-6.03353
-3.78544	-15.7275
-18.2151	-23.0771
-18.3189	-14.9682
-11.8463	-9.58313
-11.9132	-16.146
-17.6543	-13.4896
-15.4555	-13.1726
-12.3048	2.9359
5.32123	-5.8587
-5.78382	-2.54539
4.6566	6.59868
13.9322	15.2701
12.0139	5.93504
7.28955	-13.2433
-15.5338	-12.5832
-14.4893	-9.85456
-7.86588	-15.3359
-19.5187	-1.32527
-1.96776	1.79186
9.90503	-10.0042
-0.267474	-9.12825
5.92012	-5.51852
-2.41427	2.86393
-1.95647	1.34291
10.1977	-2.32113
-0.597898	4.94074
-4.66074	0.214515
-4.09709	0.220577
2.26729	3.36397
6.91809	-29.5742
-30.167	-10.6849
-8.84173	-5.19766
-3.86987	-4.01807
-1.74914	-9.2179
-7.08207	4.3074
-3.41974	-5.01267
-0.504819	1.49599
4.87546	0.620908
10.2046	6.51055
3.5192	3.65491
-0.570632	-2.05573
6.8341	12.8265
-3.1844	6.1179
3.91356	7.96528
2.04588	7.38102
3.0386	-24.9972
-25.5308	-32.3944
-31.7635	-6.44755
-9.07017	-21.1083
-21.3884	1.78094
0.985079	-12.8417
-9.87204	-23.0367
-23.1798	-13.2351
-11.2818	-13.6157
-16.7257	-21.2744
-14.6325	-13.7243
-16.6142	-4.09237
-1.03199	2.65368
4.49541	3.05302
5.48759	14.5667
10.2623	4.40693
3.44252	-7.71008
-11.1717	-4.85866
-5.34072	2.28885
-5.89194	-8.5299
-15.6634	-13.6719
-18.3027	-18.2845
-17.1167	-16.6043
-8.74509	-9.70644
-16.4843	-9.27444
-10.44	-18.4167
-19.6775	3.83775
0.899736	9.58677
4.93088	10.5773
9.56358	21.3201
22.7198	12.3461
10.6197	-1.44499
1.89589	-18.5047
-23.7153	-17.67
-24.3604	-15.7876
-13.7053	-23.3693
-21.1805	2.92501
0.0205289	-4.66186
-8.07719	-12.0251
-17.2953	-19.9451
-22.7343	4.28096
-0.926735	-0.792631
7.9209	6.06131
5.19331	2.78953
-3.50253	3.74614
-0.59552	-11.9571
-12.364	2.29584
4.59725	1.28722
2.53628	-16.3891
-14.0523	-28.9306
-18.0731	1.49201
3.54805	-18.5134
-19.5579	-21.6377
-22.8784	-21.9713
-22.2325	-12.1802
-11.0795	-22.798
-25.7436	-12.6507
-9.83872	-17.5177
-15.3364	-24.0493
-24.8808	-6.57231
-5.13156	-9.57377
-3.84862	-5.49093
-6.30642	-6.9365
-7.92663	1.78751
-1.34381	-14.8984
-13.8614	-16.818
-24.221	-13.6113
-14.9716	-33.381
-32.3385	6.1056
6.42094	-9.76791
-13.7343	-2.53985
1.23609	-19.2555
-18.6987	-20.849
-12.9122	-14.4794
-14.1385	-13.5727
-14.8252	-14.2332
-13.7295	-11.1195
-8.15689	0.926775
-2.02423	1.64368
0.0297638	10.1235
10.6639	-5.9217
-7.08867	-10.4393
-12.5965	-3.97606
-5.20334	-24.2325
-23.5927	-15.2209
-5.79352	-13.3828
-13.3919	-24.5143
-25.8386	-26.0435
-25.6027	-9.91469
-6.35501	-25.6749
-24.5952	-3.72418
-6.67203	-10.3614
-9.87748	-3.97276
-2.34377	5.90332
-1.6398	5.47015
4.60758	7.26594
3.96872	-18.089
-20.6425	-6.16187
-6.50017	2.51648
3.47646	-10.6451
-8.86498	-15.9976
-13.1429	-9.34306
-11.0812	-14.6173
-7.56439	-17.5654
-20.55	-13.5539
-5.24024	-11.9161
-18.9014	-19.1496
-9.5534	-5.75785
-3.6281	-14.1561
-14.6123	-1.23214
-4.36604	-6.03357
-6.31994	-4.07431
-3.5722	-10.2335
-12.5848	-7.14849
-7.66264	-7.49047
-3.61433	-22.9863
-25.6988	-18.3165
-18.1418	-14.9203
-25.7307	-7.67376
-15.0072	-8.47521
-6.1176	-10.3829
-13.2085	-17.9368
-16.6873	-7.66409
-11.8194	-10.2554
-12.852	-10.0796
-2.04908	-6.73745
-6.39235	-9.96664
-11.3246	-6.26637
-1.27958	-10.6485
-10.9758	-7.54797
-7.25592	-17.2604
-19.5798	-37.0599
-31.7081	6.51343
1.91	-10.4967
-9.12669	-12.3129
-14.8562	-20.6621
-18.0625	-13.5132
-13.2968	-21.341
-19.6451	-0.299996
-0.317118	-11.7565
-11.8838	-9.08039
-7.09486	-5.00042
-9.7592	-7.97538
-0.623977	-2.88623
-5.64341	-6.42054
-7.96787	-10.384
-10.9148	5.09436
4.78107	-19.5532
-16.5025	-10.8712
-10.9395	-12.046
-7.49487	-14.13
-13.4032	-18.714
-18.2184	-3.90467
2.13979	-5.68107
-3.40981	-3.18174
-8.69274	2.14277
-3.35332	2.31115
1.04698	2.25989
-4.37896	3.52708
-2.75476	-2.08198
4.9613	-3.1952
8.96959	-1.26447
2.9703	3.00518
4.26887	4.00185
2.80213	1.20124
-5.72004	0.0346005
-4.71559	-28.2841
-25.5947	-5.92634
-11.4111	1.18888
-0.166003	-9.49434
-8.3864	3.81194
-1.53634	-9.25682
0.197271	2.28968
-4.92539	3.13367
-6.41299	-14.1179
-8.22801	-12.7294
-18.3853	-10.8096
-11.2094	-2.19961
-1.09407	5.7447
3.89604	12.3662
14.0233	11.3217
12.0013	8.51706
7.77392	-25.9148
-23.5486	-25.5273
-20.418	-17.3363
-10.9778	-38.7047
-34.1908	-14.3987
-16.8623	-13.9422
-9.03485	-7.10126
-10.5395	-4.28412
-1.49395	-3.79199
-0.978204	-7.31152
-0.873833	6.51129
-4.51393	-1.40697
-2.02241	-5.94633
-4.03714	3.77772
-3.85351	-2.93796
1.01731	-2.29963
3.37563	-22.325
-20.5404	-15.3578
-12.6359	5.96692
2.1127	-2.42651
-7.23192	5.41222
3.93265	3.71195
4.20426	-3.73863
1.32304	-0.293966
-3.82905	-5.94747
-25.5082	-7.42726
-7.69041	-10.1358
-8.9159	-1.09602
-0.84997	-7.53631
-9.13178	5.45809
3.95111	8.45063
5.06151	4.16125
5.51476	-16.1167
-14.4368	-26.3239
-25.4207	-19.7001
-17.4826	-16.0225
-15.1629	-24.551
-27.9146	-33.7273
-25.8914	3.17943
4.2668	-0.343341
-2.92748	-11.2617
-8.49978	-20.423
-17.9415	-14.7684
-17.962	-11.1575
-9.5472	-14.0708
-13.6988	-11.0404
-8.22264	0.963004
-1.3299	-0.793967
1.30479	-12.5562
-14.0598	-29.6234
-31.9277	-17.7308
-16.3501	-13.6134
-14.1894	-9.6308
-5.58678	-15.0526
-15.6791	3.50358
3.51517	-9.40231
-8.06911	-22.2546
-18.8253	-20.7709
-17.9093	-20.4262
-20.6059	-1.50462
-3.26976	-10.7719
-11.8879	-6.84375
-3.923	-2.94889
-2.47128	-2.39499
-2.7165	-3.90287
-5.62671	-19.087
-17.3868	-26.0965
-23.1466	-22.7525
-28.3256	1.64239
-9.73242	-29.3182
-24.7483	-23.9746
-22.8446	4.13325
2.60384	-11.9872
-10.3809	-21.1621
-24.471	-9.92107
-11.5666	-15.4994
-15.555	-14.3664
-14.7362	-11.1848
-9.28886	-0.781392
-1.67548	4.5635
2.69959	-8.75407
-9.82348	-13.9521
-11.5888	-10.4639
-7.34574	-26.5616
-27.8235	-25.7676
-19.456	-18.1814
-16.254	-23.0252
-22.2794	-7.91932
-9.42827	-13.1558
-13.1912	-10.9845
-18.8002	-13.3629
-17.9922	-10.1573
-12.0546	-18.4778
-16.3544	-6.63612
-11.3816	-4.68141
-9.33678	-1.06258
-0.348023	-24.2258
-21.1892	3.81502
5.22496	-7.66639
-6.67493	-20.2696
-21.3708	-18.986
-15.822	-32.1834
-34.8475	-11.053
-11.9467	-16.9315
-18.6131	-15.0819
-15.4177	-19.0541
-20.9633	-14.333
-15.6318	-2.06413
-2.17981	7.27681
5.81311	15.086
16.4747	11.3689
13.9898	7.38472
9.38744	-20.6786
-17.4072	-30.5434
-25.8729	-23.2095
-4.73912	-7.94078
-16.4926	-13.1665
-7.43567	-3.42969
-9.23809	-6.23649
0.644518	-17.5948
-7.67574	-1.9536
0.548415	-5.49668
0.7424	-0.579557
-7.27945	-7.25114
-7.36552	0.322534
3.66336	0.622316
-0.523107	1.96079
4.7714	-1.85708
0.230085	-8.04449
-10.945	-20.7561
-24.2594	-2.10805
-12.6808	-31.5538
-23.9743	-16.8294
-13.7157	-10.5086
-10.6368	4.0248
3.50129	-20.9728
-16.3782	-18.0425
-16.538	-10.2458
-10.4282	-17.2836
-18.1624	-15.2528
1.21765	-2.52474
-3.31094	1.54381
-1.43996	-2.3508
-0.56082	5.39204
-3.24846	-9.13712
-6.16601	-8.79698
-8.48685	-1.13594
-0.259956	-9.54479
-13.9516	-14.3891
-14.4985	-7.50678
-11.9115	-15.0947
-13.6436	-18.595
-12.4768	-17.2977
3.3753	-19.7408
-21.7187	-13.9635
-13.1326	-7.78274
-6.0129	-7.16425
-4.18233	-4.46669
-4.86295	-7.10473
-7.18974	4.29077
6.05955	-14.1461
-14.0581	-23.8878
-17.1579	-15.522
-10.8731	-24.3724
-31.247	-10.6695
-17.1742	-19.428
-24.082	-14.0104
-6.44382	-15.8247
-16.0354	-12.3545
-13.6314	-16.424
-16.0362	-18.9206
-20.8524	-9.70745
-9.08737	-9.66443
-6.77729	-7.90429
-10.9078	-6.95716
-5.28139	2.43028
-0.0718015	-7.85271
-7.91456	-13.5552
-14.541	2.90808
2.44549	-19.5129
-21.0014	-11.8287
-13.5549	-24.743
-24.2987	-3.51282
-5.07782	-22.7894
-24.2302	-17.5392
-13.3195	-9.54944
-10.2296	-26.7967
-28.7326	-9.88436
-14.1625	-7.41875
-10.3083	-4.59901
-4.25637	-4.02815
-3.7216	-3.10833
-7.16953	-20.493
-20.8256	-22.4711
-22.3466	-11.4146
-11.3754	-24.5101
-25.7875	9.71778
10.1329	-12.7092
-10.9329	-10.3641
-7.90063	-16.9794
-15.5148	-17.8188
-14.5159	-15.3491
-27.225	-23.6552
-23.7999	-0.971801
-4.7443	-9.53454
-8.68886	-9.62117
-11.3737	-6.71586
-6.13474	-3.09372
-2.9849	-9.8612
-9.97559	-15.0601
-15.3511	-2.5347
-3.12795	-16.9844
-17.3176	-4.6682
-7.12017	-20.7671
-3.06701	-3.93383
-2.15685	-21.5913
-25.6639	-11.1034
-14.3154	-3.09616
-2.06144	-18.0002
-15.3307	-7.42655
-8.88731	-9.96053
-11.5185	-9.03689
-9.33411	-9.23411
-9.73032	-5.79474
-4.8289	-10.5641
-11.0485	-23.9759
-17.1972	5.39285
8.12148	-2.32622
-3.94982	-5.16598
-9.2046	-3.52742
3.45096	-4.65484
-1.61404	-13.9755
-9.6397	-6.04194
-0.908968	-3.06309
1.02001	1.37328
2.61583	-5.60836
4.26212	5.47526
3.30356	4.19185
3.76112	2.66169
-8.21155	-1.47531
-13.5525	-5.22959
-2.53126	-15.1829
-12.1357	-19.4823
-19.0401	-22.4014
-23.9384	-3.82782
6.87269	-20.6411
-18.1135	-11.9051
-3.06179	-14.6397
-7.58294	-4.27545
5.05259	4.13741
0.595641	6.42167
8.37236	8.10103
2.31942	-33.3695
-29.4858	-12.4022
-13.3882	0.519032
-3.21239	-7.05235
-5.11845	2.97287
-1.39112	-3.60679
1.34803	-12.1996
-9.51577	2.05094
-9.63395	3.08369
-11.7117	-3.09636
-10.8873	-1.72504
-7.01515	-2.40276
-6.70041	-8.65004
-8.62345	-6.83608
-6.69502	-4.74095
-5.47768	-6.86331
-7.01854	-24.4562
-26.0314	-28.8252
-27.53	-10.729
-11.5125	-28.619
-31.4012	-12.6629
-12.9539	-5.43346
-5.71514	-20.419
-17.4007	-27.3267
-15.7477	-5.06007
-4.75937	-11.6729
-11.5185	-7.98999
-0.199368	-4.46032
-0.770299	-4.93591
-0.814534	-2.37609
-1.94365	7.66848
7.18782	3.51245
2.19292	-13.4282
-4.12802	-8.0998
-10.2657	-3.79135
-7.19115	-10.927
-10.9648	-15.6858
-20.4206	-24.4793
-24.8088	-2.42543
-4.84248	-11.037
-6.00665	-2.2451
-5.74687	-12.5665
-9.15806	-12.7526
-6.12076	-17.377
-17.7268	-15.1564
-12.5373	-5.84511
-6.52229	-12.6439
-10.8238	-7.18596
-4.90231	-12.0894
-11.3058	-18.8765
-20.2001	-9.20926
-12.6274	-34.1416
-31.4372	-4.41825
-8.9311	-2.64409
-8.77828	3.65918
8.11065	-12.4366
-11.964	-9.80101
-12.0242	-21.9474
-18.1518	-7.93361
-5.89727	-5.54387
4.65166	-4.41496
7.78585	4.16235
-3.5918	-1.087
-5.50373	1.10762
-3.9762	-17.9256
-13.9116	-24.66
-14.5198	5.8919
-6.64464	-31.5587
-36.5619	-8.72358
-11.3173	-0.348031
-1.46702	-10.338
-9.67478	-8.76322
-7.30855	-3.52886
-2.79223	-25.7408
-18.8166	-17.7571
-14.1958	-12.9662
-12.987	-12.5963
-3.3365	-0.893851
-2.25139	-12.231
-1.90038	-5.70538
0.062712	-29.2662
-27.1089	-9.8736
6.45986	-1.00383
-14.7218	-29.7308
-29.7744	-15.6605
-14.1858	-30.0952
-30.965	-1.01328
0.692805	-10.9731
-10.116	-5.9214
-4.09804	-11.1228
-8.46461	-12.2025
-8.95016	-13.4267
-13.9116	-12.8924
-15.9907	-8.23207
-8.05373	-14.5003
-14.3025	-3.06545
-3.61893	-8.92775
-10.4318	-12.1289
-15.9387	-8.02798
-13.0159	-39.6904
-38.9754	-1.15597
-0.0695852	-10.981
-12.3475	-4.42724
-2.79081	-9.59826
-14.9243	-20.9936
-17.6042	-16.6777
-17.4722	-2.57284
0.112694	-8.62656
-7.35132	0.55295
-0.948047	-0.982909
5.57379	11.6046
16.1734	6.73518
2.76745	-13.4091
-13.7731	-16.7002
-19.6933	-2.15657
-2.4881	-32.104
-26.7758	-22.3762
-22.5827	-10.5068
-9.79012	-13.1614
-12.9922	-21.4225
-16.9906	5.16358
3.63916	1.07161
-10.8095	-6.73331
-13.5127	5.00725
6.52747	1.02937
3.7209	-9.72256
-2.62836	-3.98208
-8.7793	3.19159
1.88232	-18.741
-19.1963	-18.3069
-15.5617	-0.908619
-1.69486	-6.7244
-9.13804	-9.45962
-7.89804	3.95905
1.76016	1.10007
-2.98543	4.90551
8.45041	-0.93033
5.41835	1.12602
-2.95824	-6.04944
3.65514	-4.91076
-0.626467	5.01749
0.60314	-1.4282
4.12398	-0.177536
5.50444	-0.669653
-3.0931	-21.3766
-18.0875	-16.1352
-16.6829	1.99926
-1.5971	-4.33777
-5.87945	-12.9965
-5.42853	8.28738
-6.32199	-1.60306
-2.3074	2.27187
-9.63702	0.696861
-9.98909	-12.4579
-2.47652	5.09039
5.12992	0.734423
3.66962	3.3376
3.12828	3.52273
7.12628	3.57763
-6.49791	-5.94255
3.72701	-30.6537
-23.4052	-13.2063
-17.9951	-10.3438
-12.1678	-34.1667
-37.5936	-1.93003
-1.72038	-7.47635
-3.45614	-1.52335
-0.0483088	-8.97895
-8.74821	-15.8802
-14.7815	-21.1093
-22.3	-4.08952
-0.864783	-7.24399
-10.7941	-7.53141
-1.70868	-9.43276
-12.521	-7.07379
-9.37501	-0.991147
-1.34445	-6.91935
-7.45594	-7.74635
-5.72883	3.58979
-1.07971	-9.67201
-14.2568	-9.86492
-9.18448	-5.63873
-14.6035	-13.7012
-8.27729	-6.48574
-9.59476	1.18615
-1.05459	-20.5276
-23.5992	-18.9747
-16.7938	-1.31783
-0.89517	-20.0691
-16.4227	-7.46211
-8.35038	-5.89605
-4.8062	-4.91489
-5.03762	-20.9002
-20.2482	-24.6314
-22.8283	-6.44484
-5.6422	-23.1528
-21.7338	3.13401
1.7205	-0.0974556
-8.37793	-23.8523
-19.257	-10.3443
-14.278	-15.2138
-13.0166	-16.8434
-12.2337	-14.5188
-23.3929	4.97825
6.72628	-1.28247
-2.84943	-8.24757
-11.2351	0.993929
-0.915334	-1.81527
-5.01817	-4.70644
-3.59259	-3.98419
-7.15114	2.39869
0.503716	-6.92789
-6.28963	-0.476729
-6.09788	-6.51401
-8.39822	-8.17141
-11.552	8.91007
-0.265913	2.82761
1.18751	-3.84862
-8.35522	-5.3202
1.72294	-2.93158
-14.4919	-0.0667656
6.8714	-3.76317
-0.243861	-8.26719
-3.67957	-2.25877
-1.09551	-17.3167
-19.6448	-2.98202
-12.4319	-0.68971
-2.07186	-5.0384
0.546611	-3.15424
-10.0794	4.3214
-0.963791	0.256078
0.794111	5.1779
-0.244487	1.23991
-1.12434	-5.02912
-0.657863	-2.44574
6.34424	1.94853
6.28667	5.25128
2.67969	9.23529
3.33986	1.82211
-4.37117	-2.00603
10.2068	-14.2781
-15.9549	-5.17533
-16.5785	1.19416
-1.05226	-22.3732
-23.1423	-23.051
-23.2966	-31.842
-30.041	-14.2144
-11.7263	-18.5825
-16.9997	-13.6733
-15.1553	-23.1196
-21.126	-21.1114
-16.1213	-8.0739
-6.29335	-2.43025
-1.96387	3.3559
10.3412	1.07147
4.05235	4.12894
0.989415	-24.8899
-10.9787	-22.0314
-32.0222	-26.4254
-26.144	-7.67585
-7.21186	-5.43261
-5.84219	-16.7868
-11.4904	0.0622843
2.17486	-22.0231
-26.0364	-21.5212
-21.1704	-6.33498
-4.31607	-4.76023
-7.94843	-1.63707
2.51371	6.71907
6.37777	11.4421
-0.897621	11.5646
14.3584	6.51823
4.03926	-29.2263
-27.9571	-15.6123
-14.6679	-13.171
-12.816	-6.61151
-1.95635	-1.65899
-7.03745	-1.37602
6.6016	-3.1032
-1.73749	9.94997
1.44967	-9.05845
-4.35875	-9.76929
4.77788	3.07646
-8.56369	-3.3088
-4.0999	5.92491
8.2724	9.80324
6.27859	5.99722
3.75749	12.5547
7.57191	-12.2485
-11.7265	-29.1176
-25.6505	-20.3665
-11.9965	-11.7282
-9.84885	-13.526
-10.7091	-28.7364
-28.4433	-12.9957
-13.6638	0.219061
-0.983775	-4.75563
-16.7794	-9.1477
-15.9587	-7.65848
-8.96342	-17.1568
-9.12929	-6.05347
-11.8318	-5.00527
1.07913	-5.40975
-6.6014	-2.7788
-3.37718	-16.386
-17.1442	-27.7151
-26.8284	-23.8559
-23.8541	-10.2144
-12.9576	-14.404
-14.0517	-18.5384
-28.0374	10.0929
2.60584	-7.55845
-3.90774	-7.89243
-5.36363	-15.409
-11.4717	-15.1336
-17.2597	-2.24391
-4.06942	-15.8552
-15.5323	-7.16652
-3.31999	-8.28733
-12.1566	-3.6666
-4.06739	-17.7855
-16.8546	-25.5847
-24.4041	-22.9839
-25.5215	-14.7771
-15.406	-13.8419
-14.4748	-24.1279
-28.7501	12.9669
10.2526	-14.875
-19.6512	-18.059
-23.5887	-15.8202
-17.9739	-8.66692
-4.78449	-5.73502
-12.4518	1.57948
3.36107	-11.275
-8.12084	-7.01293
-9.88028	-4.55337
-1.72141	-11.8369
-14.0784	-26.3564
-27.8658	-10.321
-12.0745	-30.3494
-26.863	-14.9087
-13.7395	-4.21739
-12.1127	-9.50736
-9.79861	-29.4843
-24.1022	-5.25893
-3.05898	-11.8861
-10.4928	-2.14483
-4.25515	-4.3467
-8.86237	-2.17128
-1.02604	-4.56229
2.45391	-1.14138
-4.50327	0.136112
-6.36726	-32.046
-24.736	-12.3717
-13.8973	-0.0511244
-8.92372	-24.2138
-31.9174	-8.91676
-6.53759	-7.58622
-9.3045	-5.6694
-7.71739	-8.95659
-9.0179	-11.6333
-10.5955	-8.65842
-5.65067	-15.1036
-10.2417	-20.1866
-12.1327	-7.01366
-0.346476	-18.8362
-9.0751	-5.66982
-7.0629	-10.3584
-7.69851	-18.993
-16.6821	2.68621
2.77262	-8.25709
-11.9045	-26.9133
-24.6939	-17.1718
-18.1274	-31.5361
-30.6039	-0.694926
1.73843	-13.6242
-9.98966	4.32388
4.70472	-12.6942
-14.6479	-12.9824
-12.1404	-9.68902
-10.9066	-6.26946
-7.05635	-6.3984
-5.11964	-6.53146
-0.253282	-1.44913
-2.50835	-16.0919
-18.484	-15.937
-19.764	-2.9738
-2.04213	-9.03522
-6.95128	-3.37859
-11.0131	-9.22185
-13.2652	8.12778
1.78735	-2.73942
-1.32708	-3.27513
-2.1456	3.14845
1.69672	1.48252
1.08549	0.766796
-1.83615	-1.92195
2.97748	1.40057
4.89974	-0.829376
-1.49208	0.839527
6.30437	3.28217
0.1342	-7.47291
-2.35781	-9.66835
-5.6715	0.200658
3.96541	-9.66811
-9.47578	-23.6146
-19.9294	-18.2047
-13.7316	-12.5791
-6.54265	-27.7089
-16.4001	3.57931
2.96288	-8.04715
-5.4955	-1.96389
0.144675	3.31644
7.21962	-3.79164
-1.27477	-1.20181
2.58166	-3.33018
-0.780535	-1.25086
7.44107	-1.47076
-7.55371	-6.22408
0.537131	2.38698
-4.45482	-16.2175
-15.5978	-0.137238
1.93279	-18.8067
-19.1625	-25.4501
-23.3403	-18.4428
-18.1915	-42.1481
-33.0482	-11.3209
-9.26516	-8.97493
-16.371	-15.1105
-10.0164	-16.4345
-15.249	-15.8894
-19.3387	-14.0508
-16.6374	-7.50124
-0.971664	10.8839
8.92704	11.0284
12.561	7.15091
8.41356	-24.4595
-24.3954	-8.87166
-11.8742	-15.6134
-11.3823	-27.5101
-21.8999	-17.7494
-22.65	-25.493
-28.363	-6.0048
-7.21222	-36.0201
-35.6633	11.7048
7.7146	-10.8059
-12.0292	2.46921
1.60903	5.51756
7.08667	2.52228
8.72629	10.2288
4.31539	1.85809
8.26857	3.82015
-0.184749	-27.1103
-28.106	-17.2424
-15.6634	-5.53447
-0.987065	-26.0655
-30.2054	-16.5732
-17.7761	-17.5955
-19.9639	-14.6064
-20.5027	-17.6526
-17.1572	-15.9695
-15.2489	-14.6586
-14.3603	-18.2155
-18.9134	-14.2361
-12.6518	0.266224
0.0438002	12.2846
7.75667	9.29981
9.75943	8.49378
7.95822	-25.21
-25.7532	-18.759
-22.7811	-17.2175
-13.8088	-22.1719
-21.0328	6.2563
3.5193	-13.6687
-11.4503	-14.8718
-10.7842	-13.6472
-16.0075	-21.2695
-15.7487	-18.1566
-15.0213	-4.95617
-5.16672	-17.154
-17.0563	0.201238
-5.33048	-6.8269
0.309512	1.60328
-2.39328	5.71211
3.94672	-23.0061
-26.9937	-15.3157
-11.2726	-7.12212
-3.56477	-8.35611
-28.7459	-9.13652
-9.62887	-14.0008
-16.2435	-14.604
-20.0709	-22.2335
-26.3715	-8.78006
-4.06795	-21.5431
-13.0474	-15.9369
-23.4083	-3.27332
-4.17424	-0.594716
-0.0745042	4.05743
1.05235	13.0566
12.9144	3.74069
5.12992	-20.2313
-20.3236	-26.4362
-27.1434	-9.80858
-8.253	-18.7578
-20.7354	-13.7508
-14.1616	-2.36995
-18.3926	-15.4918
-18.5874	-32.7959
-28.7666	-3.99274
-1.05348	-23.8057
-24.3253	-19.7032
-21.2167	-2.46792
0.622556	-4.14579
-4.54597	-12.0459
-10.8107	0.019008
-0.189344	-2.26908
-3.62312	-14.0167
-13.9045	-17.3779
-17.7754	5.06823
4.59414	-18.5957
-18.309	-17.3911
-6.01151	3.04343
-1.924	-21.0701
-21.8359	-18.0404
-17.8537	-16.4559
-17.6156	-14.777
-13.4955	4.57665
5.65498	-14.9605
-16.5772	-7.03747
-5.68819	-12.9711
-10.7744	-10.3589
-7.80913	-0.0691408
1.86434	-11.6665
-14.8551	-10.6461
-13.0694	-2.46852
-9.67682	-12.7648
-7.55006	2.88489
0.913686	-3.37536
9.497	1.78875
-2.0353	-12.9521
-1.41332	7.06492
-3.84279	-18.2734
-12.9915	-14.3537
-21.9891	-5.64913
-10.4707	1.14518
-9.0021	-8.25465
0.748572	-5.3822
-8.72691	-8.60917
-10.4935	-5.83986
-4.54278	-23.1341
-23.5374	-17.6135
-16.3441	-10.9238
-7.24712	-7.18686
-6.16031	-9.54138
-9.87802	-12.9903
-14.9605	-19.1783
-18.7554	-11.049
-12.9832	-9.75819
-20.9471	-15.085
-21.4861	-11.5148
4.99718	-4.26742
-2.88561	-8.27642
-2.08885	1.00638
4.5754	0.914882
-4.67541	1.97636
-7.61302	-4.47841
6.5306	0.404388
-3.78059	-3.94568
-3.53792	-8.91498
-5.79505	7.15159
-0.945932	6.73866
9.42929	2.36022
-4.10142	2.4632
3.46037	-6.52589
-7.68771	-21.6978
-22.9867	-20.0143
-20.527	-12.4034
-11.8908	-19.4696
-16.7332	-11.1175
-10.9393	-0.36249
-2.52751	-24.1338
-20.6301	-19.7461
-14.7724	-27.2998
-27.4178	-1.05404
-1.70042	-12.7334
-12.767	-13.4915
-9.39742	-9.65934
-8.18877	-4.95065
-3.08025	4.46768
1.43448	-11.9266
-13.938	-9.52925
-14.1163	-4.34902
-11.6405	-15.6215
-15.7538	-17.318
-14.8815	0.210527
-0.412031	6.3895
10.3064	9.36422
1.39694	-7.42477
7.89126	1.44563
-4.42008	4.56968
-2.88732	-6.72315
4.62518	-2.28395
-11.1699	-0.674342
2.56523	5.00029
6.38569	7.39521
8.95802	-20.7435
-20.357	-38.8088
-37.8786	-17.1387
-14.3303	-0.762136
0.702474	-12.4053
-14.1943	-15.6814
-14.4032	-11.4697
-12.483	-19.4172
-21.2215	-0.72947
-0.138203	6.86304
7.61556	8.44706
-7.07488	-5.60236
-11.0623	-1.29665
-3.56961	-2.77372
-5.24528	0.0450534
0.423578	2.31761
0.679588	-21.7021
-20.7265	-28.9899
-26.1504	-3.75116
-3.11005	4.75081
4.75062	1.57814
-11.0185	2.99079
-12.9621	-10.0137
-16.5742	-8.8194
-7.74407	1.78162
-3.46305	0.0515736
-7.68446	-13.5859
-11.5547	-7.01445
-1.09772	-5.2546
-11.6677	0.841648
-1.64178	3.55554
5.14027	-1.5822
3.83015	-12.0753
-12.3987	-31.0484
-35.5908	-16.2027
-8.46761	-13.2968
-14.1191	-5.77611
-5.99145	-11.5636
-9.55812	-13.4561
-9.00882	-24.143
-23.4966	-7.21581
-11.4937	-13.8438
-14.7788	-18.8412
-13.8391	-7.56039
-12.8314	-11.0121
-7.53065	-9.45506
-5.71536	-3.28649
-3.6821	9.33355
7.63559	-17.9947
-19.8367	-25.1229
-25.655	-14.6097
-14.5624	-30.3097
-27.3581	5.39428
10.1124	-11.1631
-16.1644	-12.729
-9.65992	-13.8599
-16.6444	-9.3305
-6.67028	-21.8618
-23.2749	-4.51104
-10.7725	-5.10497
-6.0253	-12.0061
-11.2769	-7.18013
-8.83485	-6.48562
-4.38735	-0.45328
4.0584	-14.6192
-14.7836	-23.682
-23.8565	-12.9223
-12.8948	-34.1933
-32.159	-2.32152
-5.57099	-0.412061
-3.44737	-14.0849
-13.3892	-20.6666
-12.5238	-6.64297
-1.53632	-13.2342
-10.9338	-4.21049
5.3625	-9.04502
-7.8722	-2.18633
-4.69763	-1.02361
1.24242	-0.292311
0.902189	-9.29063
-1.9511	-27.8436
-32.2484	-18.9637
-18.4486	-4.51713
-10.2087	-12.483
-27.0087	1.60174
-15.9625	-20.9202
-21.2993	-9.22766
-13.5902	-7.35049
-9.61723	-5.18354
-5.46816	-18.2652
-20.5415	-3.9278
-7.81972	-16.8792
-15.9572	-9.99027
-8.39604	-4.64559
-5.39392	0.0827437
-9.35225	-1.25593
2.88693	-29.8866
-28.1264	-13.1594
-15.3622	-7.73859
-3.01274	-17.048
-22.5253	7.70194
8.88882	-9.88759
-2.74921	10.16
6.10459	0.380077
2.10767	8.9601
-4.27971	1.74315
-7.00302	-3.74291
3.18978	-3.63668
-3.77859	2.63165
-0.756808	-0.615149
-2.0517	-0.312913
-1.36103	0.815814
-0.205813	-12.5072
-11.4307	3.75341
-1.59624	-6.37475
5.22143	-2.30872
-12.3604	-12.3857
-11.6137	-7.01789
-11.9997	-1.04461
-0.178184	10.6722
4.29132	14.0751
-4.65169	-1.81298
3.66532	1.79115
-7.50827	-3.71275
-1.13261	-1.36709
1.24484	-4.10456
-1.23075	3.5079
1.52652	-0.474112
-4.12029	-15.9585
-13.6797	-17.1875
-27.4892	-10.3424
-6.11247	-23.4352
-20.3612	5.29073
4.17387	-7.83493
-6.02505	-16.288
-21.7555	-21.1096
-21.9821	-4.01789
-5.78359	-19.4087
-15.9879	-0.902803
-3.53361	-7.36163
2.60666	0.928827
4.40509	7.87228
2.41795	3.42972
-1.18584	2.31294
1.42167	-19.1276
-24.6229	-21.3237
-21.1057	-18.6724
-22.6964	-18.1952
-15.6715	-11.8869
-12.3235	-11.2794
-13.8641	-2.66573
-9.30189	-11.7503
-8.88925	-15.4758
-15.8642	-18.9165
-18.0261	-20.6452
-25.7355	-1.06304
1.25531	-11.0814
-6.68513	-9.38444
-5.7256	-2.93213
-3.64087	-9.06475
-4.65956	-18.6659
-27.251	4.44104
-2.14979	-5.74135
-12.6327	-3.10352
-4.20131	-10.3559
-5.79288	-4.33077
-6.76712	-14.8456
-8.47692	-9.01188
3.54108	12.7644
2.85306	-3.29675
-3.53035	4.49661
-8.60898	-0.321229
-5.82708	-10.0142
-12.0288	-6.35237
-6.89693	-5.77861
-10.4187	-3.44012
-3.5646	-18.2487
-17.8486	-32.796
-33.4089	-4.73629
-7.44415	0.402336
-0.218005	-20.6751
-15.2265	1.91967
4.17087	-15.4206
-13.8182	-26.0612
-26.2838	-15.2635
-12.8955	-17.0336
-13.6066	-16.6
-11.9222	-8.36387
-10.1857	-3.34786
-3.14592	-14.686
-10.472	-4.06612
-8.66009	-1.7098
-0.789059	-9.10744
-8.88105	-13.4438
-12.7094	6.2636
11.2681	-0.529368
0.547536	-4.56676
-6.68973	-11.6111
-4.21016	-14.9349
-4.25407	-18.2146
-10.4383	-27.1435
-27.325	-15.9612
-19.6164	-1.22042
1.24659	-22.9015
-23.4875	-1.71188
-5.0409	-18.507
-19.9142	-15.7606
-15.039	-9.68026
-6.67128	-12.7178
-17.9994	0.804036
-6.18659	2.5315
-1.04052	-1.42123
-7.22896	-18.4215
-22.2624	0.362936
-2.48	-0.641994
5.36992	-19.7772
-18.0442	-14.4337
-16.5677	-15.0784
-18.0081	-16.1047
-12.9938	-22.5469
-12.7281	-3.77136
1.33951	-14.2601
-17.2758	-24.3993
-21.3145	-22.4778
-19.7995	-10.2653
-8.75949	-10.0696
-6.18186	2.42791
3.36668	10.6695
7.29443	-27.7722
-28.6796	-9.53154
-13.5156	-7.7323
-7.83308	-10.8851
-5.69777	1.87358
-8.20663	-27.67
-25.4973	-11.4289
-6.04476	-14.3022
-17.5277	-7.7934
-2.97175	-17.3447
-14.7454	-11.6075
-13.7242	-6.01632
-2.94785	4.00048
1.07988	4.74096
6.59368	9.03967
4.59896	-2.06296
0.861097	-25.3311
-17.1025	-10.8897
-21.0008	-22.5072
-20.3966	-16.4949
-15.9931	-32.3267
-21.9891	-5.55379
-7.58083	-9.05429
-17.003	-25.6126
-20.5974	-6.1703
-12.6476	-17.3906
-15.6763	6.33972
8.44014	-3.81303
-6.12019	-3.60413
-6.28368	4.80586
2.78493	4.42751
2.57442	11.0507
8.55508	-19.0253
-20.0737	-21.4539
-21.7044	-7.08525
-3.14488	-15.1152
-28.2242	-15.9627
-15.8682	-6.87424
-7.01627	-9.13595
-13.9697	-15.103
-11.6976	-3.35519
-4.36839	-24.8972
-25.8302	-7.7956
-9.60141	-9.32224
-8.79208	-2.26736
0.850802	4.19708
5.32369	0.125077
-8.25705	1.59837
3.44751	-30.0377
-26.7711	-10.4283
-11.0218	-5.68654
-3.92017	-12.7792
-4.48635	0.177205
1.99027	-7.29266
-7.13191	-5.90897
-16.7479	-15.9116
-12.0151	-13.2315
-14.0483	-16.6901
-18.5257	-18.8744
-22.1841	-23.2612
-25.5855	-8.17628
-12.061	-9.11942
-1.54795	-3.62528
-3.98598	4.49902
5.44506	-11.3692
-9.88711	-20.6816
-11.3265	4.43686
-4.55609	-15.0707
-23.1219	-9.21769
-6.68497	-6.23416
5.44667	5.66277
0.879295	6.66292
14.5635	9.68521
7.48489	6.6467
-7.04921	-6.15241
6.40592	-0.856151
-3.67059	-6.63969
-3.29662	-1.97218
-0.482237	0.849084
1.02911	2.51998
3.14896	-2.52242
-4.25043	-23.1699
-18.6223	-27.2494
-20.9282	-27.0547
-19.5962	-9.3584
-14.6555	-35.4847
-29.7322	6.64553
14.6541	-19.9482
-28.0868	-7.66603
-10.1832	-14.9602
-14.9973	-0.891425
0.751103	-6.15031
-3.66115	-2.60518
-1.88967	-3.35304
-4.13511	12.8098
9.6689	7.64245
6.95186	-10.083
-11.2993	-12.0055
-16.3332	-1.4626
-1.84662	-18.338
-15.8604	-17.271
-18.7273	-18.1133
-11.2388	-13.5192
-15.1323	-21.5582
-16.7854	-19.9279
-20.6706	-23.5432
-25.7184	-4.97251
-0.955037	-15.0376
-12.7398	-1.51771
-7.03913	-7.29795
-2.03804	-6.54008
-4.60147	-4.50258
-5.19941	-9.62359
-13.8049	-13.4
-19.6552	-4.30647
-5.73495	-8.41942
-6.63302	-8.88898
-4.19783	-5.49262
-7.82919	-9.64152
-10.7799	-9.86182
-4.19514	-7.41688
-7.42498	-17.8434
-22.0025	-5.57947
-10.6375	-14.1808
-12.5112	-14.499
-9.87608	-8.58913
-2.17573	0.302163
1.35161	-4.59783
-1.20221	-32.155
-29.3351	-15.4511
-9.92545	-3.6856
2.47092	-6.84544
-7.47188	-3.63539
-2.17768	10.192
2.13832	7.53087
-1.91395	0.199402
-3.41505	1.51368
-3.15901	-9.85435
-16.6718	-6.55788
-5.36429	-4.30581
-4.34691	-5.72192
-4.30165	0.220019
-0.549692	3.08332
3.18719	5.54461
5.15023	-16.0711
-8.78954	-17.8302
-14.7635	-3.70574
-1.71393	-10.4688
-13.8819	-9.87601
-12.9431	-0.331615
-9.65211	-19.2416
-15.0987	-15.8247
-22.3698	-14.1572
-15.6301	-32.3858
-20.7615	-8.29679
-13.549	-3.966
-9.50027	4.86593
-8.78192	-1.43979
2.93887	2.20966
1.20822	7.31165
5.83696	-9.02807
-10.6185	-21.4016
-20.2248	-9.83965
-1.68951	-21.8616
-23.4291	-13.9208
-15.2832	-16.1275
-15.8662	-10.3513
-10.893	-24.1205
-20.7437	-9.4304
-8.63766	-27.9193
-27.7582	-23.7594
-22.9805	-3.96269
-1.61765	-5.97065
-3.53511	-7.07394
-5.36887	-6.07903
-0.659903	-3.56844
-4.1771	-15.9971
-26.6977	-15.1994
-17.5443	-1.00536
-5.58897	-17.8189
-29.9716	-13.6067
-8.13735	-4.92482
-2.33882	-3.79681
-2.10961	-15.7042
-16.9953	-15.1355
-7.29191	-7.5636
-15.5632	-12.3314
-9.50702	-0.969931
-7.43492	-12.2559
-13.4756	-2.83582
-2.47559	1.17611
-0.928728	-1.13486
0.956896	-21.4779
-21.0245	-25.6578
-23.7746	-12.4228
-10.1353	-23.3239
-28.2554	-15.2392
-10.1328	-23.0173
-27.2638	-23.4404
-24.2075	-16.4984
-16.9974	-9.08734
-10.319	-25.4279
-27.1222	-21.3453
-17.8862	-6.60931
0.390102	-6.03082
-0.106341	-1.70377
-0.805107	-1.52584
0.605989	3.65741
7.08377	-15.7624
-15.697	-2.79468
-2.3111	-18.9663
-17.7816	-33.0716
-31.2839	-7.67272
-7.28734	-35.8177
-35.7766	-13.8344
-13.4477	-6.90175
-17.6876	-15.8707
-16.8093	-11.3716
-12.2918	-10.3565
-5.42132	-11.3246
-6.81057	-7.74564
-2.56595	-0.874031
4.87957	0.431529
-0.49171	0.498162
0.724782	-17.5002
-20.4193	-17.3764
-18.771	1.47639
6.20893	0.677652
-5.93658	-5.96075
-11.1925	3.97816
2.74995	-13.9096
-0.0367989	-7.86329
-17.802	-7.8575
-16.0114	-11.9554
-10.7901	-6.13932
-5.41132	-8.77922
-11.3405	-13.5838
-9.66486	-1.51899
-2.96531	-2.18234
-5.78862	-7.82444
-6.15543	-10.0989
-10.5467	-25.8196
-25.5177	-16.0313
-14.9565	-15.1493
-14.6065	-5.19038
-7.0549	-11.1125
-12.3411	-10.4152
-22.9627	-24.6335
-26.3921	-7.69713
-3.7714	-14.938
-15.2773	-9.61637
-8.18986	-9.25701
-9.13609	-11.8806
-11.0185	-11.73
-11.8046	-4.99954
-2.77652	-4.50208
-3.40198	-6.08488
-4.72245	-28.9974
-27.0967	-12.7057
-15.1284	-6.19456
0.433381	-11.724
-7.56118	-8.40283
-3.55514	-13.3631
-7.19155	-14.0128
-13.293	-19.7614
-26.9622	-16.1621
-14.4134	-10.4964
-13.058	-17.4622
-18.7152	-3.84347
-1.23994	2.0253
-13.4593	-4.13851
-7.30493	1.28148
1.575	-30.5391
-35.9729	-7.14928
-5.43538	-7.79174
-7.00733	-5.36232
-0.93951	-2.84923
-7.05904	10.0083
9.23044	-0.812816
-14.8824	6.23955
6.03064	-6.24377
-0.984328	5.51024
-4.74919	-5.1191
-4.68259	11.1782
15.9116	1.2755
7.94396	1.2116
-11.3238	-21.4079
-17.1322	-12.3605
-14.1459	-30.9908
-33.0735	-11.0839
-13.5685	-21.6957
-27.3457	-14.1723
-11.5132	-22.3484
-21.8408	-20.2509
-21.9551	5.17164
3.88466	15.3776
10.9784	9.28036
14.137	19.3445
15.6995	0.600939
2.06218	-21.7148
-21.6055	-23.7586
-23.866	-15.198
-18.7689	-32.6494
-21.2072	-23.5421
-28.16	-6.73958
-12.1867	-20.0687
-17.9448	-20.2524
-15.3746	-14.1247
-13.4262	-10.8157
-13.1777	-2.16339
-4.97819	1.00943
-3.05495	9.52082
7.51839	10.8377
7.97852	15.6853
12.7907	1.03971
1.08242	-13.2761
-18.1937	-16.1341
-17.6152	-15.9502
-17.0483	-29.5583
-27.0219	-1.91197
-5.53717	-5.98462
-4.78539	-24.7452
-22.3619	-17.0034
-15.0144	-4.55531
-5.93286	-32.7934
-25.9887	-21.5873
-12.3411	-7.63777
-1.46905	1.75418
5.36132	3.88349
2.96863	-2.26225
-6.6164	5.74652
1.19018	-32.8607
-34.544	-13.7335
-14.9797	-1.92797
5.00328	-4.1398
-17.2683	-0.837221
-4.72049	4.9612
5.39429	2.71205
-14.2459	-18.52
-1.81022	0.217349
-3.86983	0.327603
-7.83623	-1.05068
-8.89954	-4.13975
2.6063	-1.85545
8.46284	-4.40195
2.19164	7.12825
10.5403	8.28889
8.63897	-22.3844
-23.3993	-0.0267234
0.211157	-23.7158
-23.978	-21.5976
-22.0385	-17.2333
-17.3888	-27.6311
-23.0837	4.45434
3.75015	-6.48638
-11.1747	-12.6499
-14.166	-21.1349
-22.683	7.20815
0.262758	-9.54012
-7.72991	-6.4671
-9.63972	-5.0598
-5.86755	-0.34714
-1.56856	-1.81716
-2.84072	-16.7456
-13.9297	-21.9236
-13.3163	-7.33591
-2.65272	-19.8192
-17.1615	1.42513
-8.67959	1.54553
5.72941	12.1778
12.6731	-5.49191
-4.55475	6.47887
-4.07421	0.0312473
-4.88665	-10.4288
-10.6194	-3.97245
-4.5732	-7.61885
-9.98083	3.29603
4.51975	0.482083
-2.53671	9.23118
7.80623	-11.0482
-11.1733	-29.7632
-31.6329	-15.1267
-16.5543	-11.7242
-4.04972	-2.98343
-3.55403	-17.1136
-16.4419	-1.00731
0.510619	-24.5184
-24.7662	-9.23342
-12.7365	-15.9206
-24.4958	-10.2773
-9.18856	-7.23566
-4.4598	-6.58442
4.13869	-3.4326
2.36165	0.657132
-2.3308	5.16881
-0.445251	-17.4881
-16.846	-25.8922
-23.5621	-2.69655
0.219635	-11.1222
-20.6232	-7.48287
-9.11072	-18.0652
-15.388	-20.1922
-14.3384	-14.2754
-7.10816	-4.62368
-3.38509	-17.9247
-20.4194	-13.1127
-19.5522	-18.0569
-26.2858	-4.87226
-17.1482	2.57103
-1.80764	0.956069
-1.87316	2.18342
1.41205	-10.1521
-10.8838	-17.7938
-18.091	-5.38469
-5.66522	-31.3525
-28.5142	-24.741
-25.6796	-23.397
-12.9262	-16.4295
-9.37702	-3.68318
-10.0154	-2.60173
-2.73742	-12.0231
-9.27179	-14.5999
-11.3423	-19.1002
-5.08946	-4.44542
-1.97382	-2.7726
-2.83887	-3.46456
-8.14599	3.90949
-2.00416	-31.3551
-22.1644	-16.0082
-15.6851	-14.4383
-15.2949	-31.4336
-21.5334	3.34115
2.28705	-5.32104
-11.6452	-13.1104
-13.122	-21.647
-19.3391	-9.77565
-7.17442	-3.69361
-6.73716	-19.2571
-15.7849	-5.27709
-0.755838	-3.00735
-3.90462	-2.39627
-0.69073	4.5695
-2.18174	0.382395
3.6127	-18.3985
-18.3618	-25.6557
-23.9153	-5.71913
0.75883	-14.5842
-10.166	-12.6701
-3.52812	3.52678
-1.35001	-8.70582
-2.07809	8.82409
9.08708	5.1912
0.805256	-15.3185
-9.76825	-5.25578
1.72874	-7.79295
-4.28216	-1.48785
-1.47898	-6.24497
-3.33707	-2.57986
-2.50195	0.466729
1.96509	-26.9682
-17.281	-10.2741
-18.8141	-13.3238
-13.7093	-26.6418
-24.5191	-17.7758
-17.6236	-19.5448
-21.0506	-2.68882
-5.47439	-6.25493
-4.57448	-20.907
-19.5117	-10.9187
-10.6618	-3.96076
-1.47991	-19.2595
-8.37552	-14.7135
-6.99958	-10.6548
-9.39461	-6.32612
-3.6972	1.13776
-7.67057	-10.8187
-10.0939	-7.69675
-8.3896	-6.82229
-4.62111	-29.4942
-35.0168	-6.99282
-12.6597	-29.6582
-31.1601	0.0735392
1.41561	-9.96007
-13.3208	-4.97149
-10.2872	-21.9318
-21.3232	-23.0701
-29.6235	5.12622
1.54763	-4.09957
-3.91447	-10.1475
-11.8444	-2.09448
-3.0471	-4.29139
-2.86863	-23.5038
-24.1362	-28.9647
-28.472	-5.74802
-6.34602	-15.7262
-14.3346	0.675017
1.23946	-6.29708
-4.78253	-21.4256
-20.1674	-16.0901
-17.1475	-13.501
-0.489144	-26.3487
-23.8222	-12.6571
-9.82848	-13.6911
-11.9341	-4.74445
-6.53269	-7.39471
-9.90138	-7.94766
-5.18275	-4.56072
-9.24286	-14.3889
-15.9898	-1.77772
-6.96908	-18.0345
-16.9559	-37.8685
-40.5136	0.990287
-0.199002	-7.79882
-3.64331	-10.6346
-12.1823	-19.2803
-26.0907	-6.45166
-7.45874	-15.3429
-13.3838	-17.8025
-27.197	-6.70896
-2.63923	-10.3934
-12.6833	-2.23083
-2.2822	-4.96878
-3.43231	-5.96781
-1.30891	-15.374
-16.4129	-19.2172
-18.2037	-10.4694
-12.7328	-18.0379
-18.5941	5.38011
2.88057	-5.93534
-8.38163	-9.0753
-8.564	-11.9195
-12.1526	-20.8028
-16.8681	-24.4796
-27.3382	-16.5191
-24.5538	-4.58693
-4.9375	-9.29518
-7.97928	-12.0707
-11.1566	-3.78531
-7.32291	-2.70954
-4.40158	-7.91079
-6.33731	-3.58898
-5.81957	6.99973
7.73352	-3.05667
1.11079	-2.09813
-3.54636	-7.18279
-8.32579	-4.11851
-5.5475	-11.8046
-12.8187	-3.96239
-0.55402	-2.89258
